10	20	-0.106147283074
10	14	0.311274617523
10	17	0.620539342515
10	2	0.194878602477
10	5	0.578735940487
10	7	0.699319145646
10	9	0.636078437882
20	10	0.0666905715054
20	14	0.321263860298
20	23	0.442454812856
20	19	0.79185855731
20	7	0.709308388421
20	9	0.646067680657
20	8	-0.147663539294
14	10	0.177999276707
14	20	0.0151506649019
14	17	0.74183729049
14	18	0.903167262512
14	3	0.308112602351
14	5	0.700033888463
14	7	0.820617093622
14	9	0.757376385858
14	8	-0.036354834093
17	10	0.260053770926
17	20	0.0972051591208
17	14	0.514627059718
17	23	0.635818012276
17	7	0.902671587841
17	9	0.839430880077
23	10	0.196550727574
23	20	0.0337021157687
23	5	0.718585339329
23	7	0.839168544489
23	9	0.775927836725
23	8	-0.0178033832261
19	9	1.01923725002
19	8	0.225506030067
18	8	0.225506030067
18	7	1.08247795778
18	23	0.815624382217
1	9	0.704576102621
1	8	-0.0891551173295
1	20	-0.0376496183347
1	19	0.850366979275
3	9	0.843711984123
3	17	0.828172888756
3	23	0.640099116323
2	3	0.196090379808
2	17	0.629815067948
2	14	0.320550342957
2	7	0.70859487108
5	10	0.307145915434
5	20	0.144297303629
5	14	0.561719204226
5	17	0.870983929218
5	23	0.682910156785
5	1	0.944060817308
5	7	0.949763732349
5	9	0.886523024585
7	10	0.150172100406
7	20	-0.0126765113985
7	14	0.404745389199
7	3	0.28028542605
7	5	0.672206712162
7	9	0.729549209558
7	8	-0.0641820103933
9	10	0.130193614857
9	20	-0.0326549969474
9	14	0.38476690365
9	19	0.855361600662
9	18	0.855361600662
9	3	0.260306940501
8	10	0.115923268037
8	20	-0.0469253437681
8	14	0.370496556829
8	19	0.841091253842
8	5	0.637957879793
8	7	0.758541084952
