24	13	1.6488030699
24	21	4.5707296554
24	23	0.406817518944
24	28	1.72448295642
24	26	5.76674842789
24	2	3.87975934317
24	4	4.4253090579
24	7	1.73444726554
10	24	0.257413043347
10	21	1.8680721117
10	22	3.92234211118
10	23	0.385411998713
10	19	1.69480194371
10	18	0.50540631054
10	28	1.8317304668
10	2	4.35166385254
10	4	6.64552100042
10	7	1.94904571368
13	24	1.42915743046
13	26	0.846571342742
13	21	-0.113443461384
13	28	0.450875861062
13	2	0.23588175446
13	4	0.105792940102
21	24	4.52840998196
21	10	6.16297387383
21	13	0.246211004109
21	22	3.99978356155
21	23	0.280524949581
21	19	1.40758639508
21	28	2.27382891614
21	26	6.68075138659
21	2	3.33513430596
21	4	10.7341894395
21	7	2.93812966148
21	8	3.44362219004
22	24	1.31285410387
22	10	4.77070299064
22	21	3.47049867069
22	19	0.0153155118879
22	28	1.06388653243
22	2	4.49546241562
22	4	4.05439207116
22	7	1.72818727777
23	8	0.504749371978
19	10	1.30915390141
19	26	0.421978887115
19	21	0.73826357942
19	22	0.604591585029
19	2	0.540603296791
19	4	1.86914247835
19	7	0.454580182413
18	10	-0.216926302091
28	24	1.02361003381
28	10	2.55082298794
28	26	2.81129443945
28	21	0.521304670031
28	22	1.48160367258
28	19	0.584038470402
28	4	2.7461545659
26	24	5.17759012849
26	10	1.78193359641
26	13	1.20637268075
26	21	8.3218547545
26	28	2.3760235642
26	4	6.90013466058
26	7	2.20365937384
2	24	5.20470378745
2	10	4.36164624821
2	21	2.69678492929
2	19	0.936233734768
2	4	6.19793432159
2	7	0.954473536373
4	24	2.17312335276
4	10	9.82452772778
4	13	0.625851867249
4	21	11.6239078992
4	22	6.74969491805
4	19	3.9751692521
4	28	3.38278377724
4	26	3.23149376045
4	2	6.26737416196
4	7	2.40612802717
7	24	1.77026835718
7	10	0.669904756715
7	26	0.640696770998
7	21	2.2869564286
7	22	1.78862743523
7	19	0.472729765201
7	2	1.12397817965
7	4	2.1415358311
8	26	0.933288518532
8	28	1.26690703481
