10	26	0.558462971275
10	21	4.54701264822
10	22	2.39363664233
10	7	0.903135350068
10	6	1.10444602439
10	8	2.11887361851
26	10	1.48719434432
26	21	3.46089034204
26	22	7.0133732892
26	16	1.16327818999
26	1	2.40007009068
26	3	1.93749310642
26	4	5.30452208153
26	7	1.64029803878
26	6	2.38859421157
26	8	3.95000730416
26	25	3.03253328054
26	14	0.868133833139
21	10	4.61888711598
21	26	2.42170493727
21	22	2.9805791119
21	16	2.28935746728
21	4	2.91268439965
21	7	4.82566627931
21	6	2.47437796079
21	8	2.57716305747
22	10	2.54548947421
22	26	3.68389575516
22	21	3.60754297447
22	16	2.95088731784
22	1	1.08809472721
22	25	2.44987191502
22	7	6.89214865692
22	6	4.3585318389
22	8	7.01391592843
16	8	1.36101892692
16	5	1.72627072894
16	22	0.724139453291
16	7	1.2392516554
16	10	2.05146592727
1	10	3.04324227614
1	26	3.58098758976
1	22	1.22260577257
1	5	1.31309455077
1	4	4.61895255061
1	7	0.461418478258
1	6	0.845057652072
3	6	1.08836706536
5	14	0.83459851811
5	16	3.13535636935
5	1	1.27256377872
5	4	6.00030076446
5	7	3.43004771864
5	6	2.71971589552
5	8	2.27551549373
4	10	1.2435033535
4	26	7.30477912068
4	22	1.48215581319
4	1	4.16199259425
4	5	10.5067410664
4	7	1.76126404693
4	6	6.5207872085
4	8	2.24768831743
7	10	2.51694878057
7	26	1.96072309724
7	21	3.26802075073
7	22	3.9782252678
7	16	3.28700362317
7	3	1.81960107685
7	5	2.97474304906
7	4	2.26937406014
7	6	1.83106762128
7	8	3.57480921337
7	25	2.11034969128
6	10	1.49432951773
6	26	3.85535982625
6	22	4.59656250037
6	16	1.53507036238
6	5	2.68143778419
6	4	4.7109962876
6	7	4.4360361734
6	8	3.82848944695
6	25	2.91101542334
8	10	2.77705067022
8	26	1.49151098895
8	21	3.3457941409
8	22	5.69695515337
8	16	1.54149201845
8	5	2.14087394179
8	4	2.16481895082
8	7	1.52520183764
8	6	3.73212600634
25	26	3.79257030023
25	14	0.812479480538
25	16	1.28995233688
25	7	1.82064765453
25	6	2.56894382733
25	21	4.18822545626
14	26	0.841729355666
