24	10	1.72268374428
24	27	4.3029106986
24	14	4.36964622577
24	17	3.56614509236
24	32	4.62230450206
24	30	1.37778628663
24	2	2.75719870849
24	5	3.56558416765
24	9	1.77696965806
24	8	10.638631553
10	24	1.50357721
10	27	3.23874576169
10	14	2.94082428989
10	17	1.64401312688
10	32	1.78853003913
10	8	1.18735563957
27	24	3.21428813331
27	14	5.19852071166
27	17	5.85364757416
27	32	3.81022249254
27	30	0.930361276094
27	22	3.760040523
27	2	2.67443069694
27	5	1.84185966068
27	9	4.79378613782
27	8	8.36792154756
14	24	4.07098979549
14	10	4.68455938878
14	27	5.98848684668
14	17	12.54486122
14	32	5.76089515166
14	5	0.875276327971
14	9	5.28583080102
14	8	7.21900971537
17	24	2.3777848659
17	10	3.22735842754
17	27	9.0358229038
17	14	12.0198144228
17	25	2.46376436244
17	32	9.46256764501
17	2	3.2215778637
17	9	4.74027233724
17	8	11.7249737684
25	27	2.67370242047
25	22	1.30195775898
25	17	1.38995131576
25	32	2.08145372648
25	2	0.945661930877
25	9	1.42406087635
25	8	0.804640797838
32	24	3.288713846
32	10	1.5856884148
32	27	3.01826890331
32	14	3.99664692793
32	17	13.3285642042
32	25	2.2807223456
32	30	3.79338995
32	22	1.15321421222
32	2	8.14373383257
32	5	7.31116279632
32	9	1.63997432858
32	8	5.8897482674
30	24	1.09863130011
30	22	0.968745160712
30	17	3.06235221188
30	32	5.21248261851
30	2	2.43573432751
30	5	1.96782029022
30	9	0.908519778602
30	8	1.51172372764
22	25	1.02830086125
22	27	2.13050441793
22	17	2.5413852775
22	2	1.18545339517
22	5	1.08219635687
22	9	2.44684180748
22	8	0.808428293773
2	24	4.21139104338
2	10	1.23206611575
2	27	4.30560309967
2	14	3.4606961294
2	17	2.94687443321
2	25	1.01545754911
2	32	8.37891783066
2	30	1.43415415657
2	22	0.981920412666
2	5	1.3053570131
2	8	6.4477684658
5	24	3.85101514845
5	10	1.41867571929
5	27	2.66892770831
5	14	1.45936373906
5	22	1.1685300162
5	25	2.47836664907
5	32	5.83059994186
5	2	1.41289515545
5	9	0.743647635113
5	8	2.44082258109
9	24	3.31511398762
9	10	2.57740652274
9	27	2.68001204595
9	14	3.2937330716
9	17	4.73184940093
9	25	1.21315149029
9	32	1.59445332237
9	2	1.00564702523
9	5	1.08471848642
9	8	3.36354941618
8	24	13.0678757965
8	10	2.7417354204
8	27	9.88017486196
8	14	12.6818378815
8	17	8.77875225674
8	25	1.4848313257
8	32	6.18834167666
8	22	1.76227571936
8	2	4.68789288208
8	5	2.76135084888
8	9	3.52533533215
