11	24	1.78062823342
11	12	1.65894781774
11	15	0.491863774509
11	14	1.70207766408
11	17	2.77419006614
11	16	0.491863774509
11	23	2.63029079065
11	1	0.392602738289
11	3	0.403478064647
11	2	0.780979097475
11	7	3.08185580783
11	9	1.29452564963
11	8	3.47768549772
24	12	2.52706575738
24	2	2.56073953457
12	11	1.9846900157
12	24	1.89572443455
12	16	0.47830694503
12	23	9.12688447391
12	3	1.71989620047
12	2	2.82671123126
12	7	6.16788346967
12	9	2.92192531556
12	8	5.59839519324
15	11	-0.0737733996371
15	12	0.916902538234
15	16	0.790114023062
15	1	0.690852986841
15	3	1.30238928054
15	2	0.768247815923
15	7	0.46285006455
15	9	0.68113340074
15	8	0.258018787096
14	11	0.675900661394
14	8	0.46070734966
14	16	0.628145586647
17	1	1.44733028147
17	11	2.68831738937
17	3	1.87653807568
17	16	0.452620320753
16	11	-0.0737733996371
16	12	0.316241570892
16	15	0.790114023062
16	17	0.519841321842
16	23	0.322266577481
16	3	0.701728313199
16	2	0.167586848581
16	7	0.46285006455
16	9	0.68113340074
16	8	0.258018787096
23	11	2.75983079177
23	12	10.9362957715
23	15	0.470458254278
23	16	0.470458254278
23	3	0.382072544416
23	2	4.22381506754
23	7	9.62427626922
23	9	3.0964051243
23	8	12.7550334515
1	11	0.207783647966
1	12	1.87409811492
1	15	0.524685572197
1	16	0.524685572197
1	23	0.421495125595
1	3	2.44191335671
1	2	1.9077718921
1	7	0.744407112154
3	11	0.515691199478
3	24	0.0620686193571
3	12	1.87102413633
3	15	1.25092559156
3	17	1.7099668883
3	16	0.650264624219
3	23	0.364745678128
3	1	0.915660586977
3	2	2.81634041095
3	7	0.687657664686
3	9	0.723612501387
3	8	3.21775387957
2	12	2.51581114822
2	15	0.984070106014
2	16	0.383409138672
2	23	3.01514618441
2	1	2.47209009632
2	3	2.17198389258
2	7	0.420802179139
2	8	5.86815438586
7	11	1.39560699411
7	12	4.15589245799
7	15	0.436209421909
7	16	0.436209421909
7	23	5.6205454605
7	9	4.57445975671
7	8	6.10328316858
9	11	1.63002225948
9	12	1.47305173155
9	15	0.488296187804
9	23	1.66140523763
9	7	8.41949017519
9	8	2.69112844418
8	11	3.21691310527
8	12	6.10585159978
8	15	0.380555069308
8	16	0.380555069308
8	23	15.0996485502
8	3	2.29778285382
8	2	3.40459788461
8	7	8.98738758578
8	9	5.1944439332
