11	25	0.661305384299
11	26	1.34834372597
11	21	3.45993293915
11	16	2.07396328456
11	42	1.58430260936
11	7	0.910026637934
25	11	0.853545443942
25	26	3.9054437321
25	15	3.6369989552
25	21	4.30109888813
25	16	1.40282576875
25	42	5.34272455017
25	3	1.21172271885
25	4	2.20848120061
25	7	1.9335210864
25	8	3.69624485333
26	11	1.50986076388
26	25	3.14540671241
26	21	3.57376377391
26	16	1.27615162186
26	18	2.00231647579
26	42	4.06840393747
26	1	2.51294352255
26	3	2.05036653828
26	4	5.4173955134
26	7	1.75317147065
26	8	4.06288073603
15	25	2.55077722039
15	26	1.48950812891
15	21	3.52611978035
15	16	2.08647465688
15	18	3.41330047815
15	42	4.20308844341
15	3	4.63029909932
15	7	2.25251297556
15	14	0.879687802578
21	11	3.31157857025
21	25	3.41351896112
21	15	3.54243308866
21	14	1.01311554535
21	16	2.40223089914
21	18	2.2704287245
21	42	8.89472867342
21	3	1.66414235078
21	7	4.93853971118
21	8	2.69003648934
16	11	1.7844529096
16	15	1.23231796117
16	21	3.35504589002
16	42	2.57338655716
16	7	1.35212508727
16	8	1.47389235879
16	14	0.944617880612
18	11	1.06046547284
18	25	1.70939136218
18	26	1.19510776917
18	21	1.5907629252
42	11	3.29802174077
42	25	4.67626162807
42	26	3.61499253659
42	15	3.34654775969
42	21	8.93351717883
42	16	2.75333106864
42	1	1.0728669775
42	3	1.28592852232
42	4	5.56459999488
42	7	4.01334038426
42	8	3.5881221573
1	25	0.872556154955
1	26	3.69386102162
1	15	1.54845578096
1	21	0.753927717979
1	16	0.64425755981
1	18	0.823436915272
1	3	2.2764395048
1	4	4.73182598247
1	7	0.574291910123
3	25	1.29819406774
3	15	5.98532068251
3	21	1.17956563076
3	16	1.06989547259
3	18	1.79606032652
3	42	1.12722029586
3	1	1.21271637634
3	4	3.9348398677
3	7	0.270615824948
3	8	1.66868259289
3	14	1.13940811471
4	11	1.63082677204
4	25	1.80774472466
4	26	7.41765255255
4	15	3.75994384708
4	21	1.87144478717
4	18	1.39396848599
4	42	5.28334094257
4	3	5.27091703776
4	7	1.8741374788
4	8	2.3605617493
7	11	1.7566257333
7	25	2.22322312314
7	26	2.07359652911
7	15	2.71679424966
7	21	3.38089418259
7	16	3.39987705504
7	1	1.17242746543
7	3	1.93247450872
7	4	2.38224749201
7	14	0.916790704312
8	25	3.75962450923
8	3	2.37490489787
8	42	4.31796473531
8	21	3.45866757277
8	16	1.65436545032
14	18	1.18376317249
14	3	1.17813776611
14	15	0.997139540738
