11	17	2.887063498
11	23	2.74316422252
11	19	2.58196113922
11	5	1.36979015673
11	7	3.1947292397
11	6	1.07330274624
11	9	1.4073990815
12	23	9.23975790578
12	1	0.856576339653
12	3	1.83276963233
12	2	2.93958466312
12	7	6.28075690153
12	9	3.03479874742
12	8	5.7112686251
17	11	2.80119082123
17	19	5.04164120943
17	1	1.56020371333
17	3	1.98941150754
17	2	4.91951153322
17	7	0.967543792065
17	6	0.980383823614
17	9	1.73281262673
17	8	2.95065450849
23	11	2.87270422363
23	12	11.0491692033
23	19	6.93643960673
23	18	0.854790548614
23	3	0.494945976282
23	2	4.33668849941
23	5	3.35399813088
23	7	9.73714970108
23	6	1.2342257255
23	9	3.20927855616
23	8	12.8679068833
19	11	4.02375660785
19	12	3.08379661309
19	17	6.02232385638
19	23	5.87842458089
19	3	2.55764085794
19	2	2.02349939333
19	7	4.32437610368
19	9	3.63101694242
19	8	9.09608978132
18	11	1.40107124729
18	23	2.16176822338
1	11	0.320657079832
1	12	1.98697154679
1	17	0.549614802333
1	23	0.53436855746
1	3	2.55478678858
1	2	2.02064532396
1	5	0.490969456966
1	7	0.85728054402
1	8	1.01710626554
3	11	0.628564631344
3	17	1.82284032016
3	23	0.477619109994
3	19	3.05134351903
3	18	3.09388588181
3	1	1.02853401884
3	2	2.92921384282
3	5	1.21720947633
3	7	0.800531096552
3	6	0.631042628612
3	8	3.33062731143
2	12	2.62868458009
2	17	7.93748231674
2	23	3.12801961627
2	19	3.69613053092
2	1	2.58496352819
2	3	2.28485732445
2	5	1.86199648823
2	6	0.364187143065
2	9	1.11661594617
2	8	5.98102781772
5	9	0.855750901461
5	8	2.4382497822
5	2	0.942865316643
5	7	1.36678156323
5	23	2.32016907309
7	11	1.50848042597
7	17	1.73743814847
7	23	5.73341889237
7	19	2.10797431876
7	5	1.31413580412
7	6	0.416987426302
7	9	4.68733318858
7	8	6.21615660045
6	11	0.572690369513
6	17	1.4772866211
6	23	1.15105884612
6	3	0.929859614498
6	2	0.39571814988
6	5	0.689327277774
6	7	0.508652866359
6	9	0.909264702039
6	8	1.45146805471
9	11	1.74289569135
9	17	1.2425394159
9	23	1.77427866949
9	19	1.79540408568
9	5	1.00156557104
9	7	8.53236360705
9	8	2.80400187604
8	11	3.32978653713
8	12	6.21872503165
8	17	4.41671128821
8	23	15.212521982
8	19	12.8633769049
8	18	2.22351535956
8	1	0.394167464953
8	3	2.41065628569
8	2	3.51747131648
8	5	2.35245244846
8	7	9.10026101764
8	6	1.87363653849
8	9	5.30731736506
