10	26	7.4278540878
10	21	4.19780530823
10	23	4.57351388984
10	19	1.009391864
10	33	4.24985725016
10	3	1.58479146765
10	6	3.69482746761
10	9	3.18285454237
10	8	2.19150973763
26	21	3.09741265522
26	23	7.84900522457
26	19	7.80280015791
26	1	1.47194870999
26	3	1.63204528046
26	9	1.66412942151
26	8	7.83727156572
21	10	3.39904858949
21	26	4.62832845725
21	23	5.65656221742
21	19	5.86766321199
21	33	1.63266011909
21	3	7.71936231207
21	6	4.7778757952
21	9	1.60595293936
21	8	3.82154356369
23	10	6.42442727735
23	26	8.56534964254
23	21	6.48294732878
23	19	4.69948641159
23	37	2.91066106981
23	33	2.28776831358
23	3	3.45160102035
23	6	2.51572799786
23	8	4.29432325869
19	10	1.80627933347
19	26	8.55908965477
19	21	5.45769390581
19	23	5.83340248742
19	33	1.73452282734
19	37	2.25006464582
19	1	1.64428796671
19	3	19.4902489877
19	6	3.1314310703
19	9	1.65414017874
19	8	4.72769783164
37	9	0.808141276667
37	8	1.01811840661
37	26	1.46024630119
37	10	0.960280431398
37	6	0.698151141702
1	19	4.24135864094
1	8	1.04759252682
1	3	6.82237173897
1	26	1.36106739078
1	21	1.59526010151
33	11	0.842309516879
33	10	4.1882980441
33	21	2.00520063278
33	23	1.10460971797
33	3	8.01530173708
33	6	4.96646428247
33	9	0.936574398054
33	8	1.27520455861
3	10	5.98984557895
3	26	3.4439024263
3	21	9.64126015129
3	23	4.36478524872
3	19	13.617333656
3	1	5.6455257127
3	33	12.2995865549
3	6	6.76801181731
3	9	1.27949393699
3	8	6.54099358376
6	10	7.64721297319
6	26	7.41786484503
6	21	3.69450603586
6	23	5.1641856144
6	19	1.54638811969
6	37	1.76317627229
6	33	4.23986800739
6	3	5.95068621262
6	9	2.02521883378
6	8	3.51149546015
9	10	2.72697764712
9	26	0.438340555699
9	23	0.865913348535
9	37	0.746816997234
9	6	-0.195101573177
8	26	6.18937101046
8	23	4.66500577778
8	19	3.59980727592
8	1	0.786872787179
8	33	3.55835967128
8	3	7.0924628714
8	6	1.4160488622
8	9	1.70836749666
