11	9	0.241803970767
11	17	1.29143988592
13	11	1.03044868665
13	17	1.14034448114
13	44	6.15277248898
13	30	2.55027407653
13	28	4.01434547284
13	29	3.0032030935
13	8	1.35656837933
20	17	3.98783744185
20	33	4.92441201958
20	29	3.66275406034
20	5	1.55493721561
20	9	0.38560253384
20	8	2.01611934616
17	13	1.80438695027
17	33	7.64792323446
17	44	2.50000075235
17	30	1.13911980265
17	28	3.5148336964
17	29	2.19270978696
17	5	2.45516343559
17	8	1.09306057126
33	13	1.91657084111
33	20	6.50006965608
33	21	0.653164341253
33	17	6.71618160982
33	44	4.98245513656
33	30	3.75022721746
33	28	2.84402812042
33	29	2.56219973904
33	5	7.49021681264
33	7	0.71887101688
33	9	2.07365117375
33	8	4.01514951619
44	13	5.14497003134
44	20	2.07067186776
44	17	4.83938281435
44	33	4.24235183442
44	30	6.43164090922
44	28	4.97845631371
44	29	2.32635743896
44	5	7.61903151156
44	9	1.10849487573
44	8	2.13835072071
30	13	1.76371646183
30	33	2.68438325981
30	44	5.01192925677
30	28	0.739235715625
30	5	8.79599042928
30	9	0.880501266412
30	8	1.18104311344
28	13	4.36626166855
28	20	3.53358096772
28	17	3.56736442197
28	44	3.05626197625
28	30	0.601410029614
28	29	2.87762404148
28	9	2.07809394609
28	8	0.866332328331
29	13	2.54083612164
29	20	3.0381303861
29	17	2.16027134291
29	33	2.54986042217
29	44	0.683850930873
29	28	3.52196886981
29	9	2.20460642469
29	8	2.19416674161
5	13	2.32689294991
5	17	2.75061973088
5	33	13.6402842188
5	44	6.48674824229
5	30	7.07780531809
5	9	1.39000228563
5	8	1.69054413265
7	33	0.360441755909
7	5	0.637536941719
9	17	0.747860305863
9	44	0.783743358618
9	28	2.58156576949
9	29	2.42839041873
9	7	1.36805116341
9	8	0.781755704565
8	13	1.49110319985
8	20	1.98839746431
8	17	1.11053842111
8	33	2.59409849731
8	44	2.7337025004
8	30	0.825836052225
8	28	0.64895095313
8	29	2.24408303551
8	5	1.04790868823
8	7	0.71173584347
8	9	0.243231005449
