10	26	7.54072751967
10	15	0.777517130828
10	23	4.6863873217
10	19	1.12226529587
10	37	1.46770647908
10	33	4.36273068203
10	3	1.69766489951
10	6	3.80770089948
10	9	3.29572797423
10	8	2.3043831695
26	10	4.29941250147
26	15	1.3717564421
26	23	7.96187865644
26	19	7.91567358978
26	32	0.771095474758
26	37	2.73758431943
26	9	1.77700285338
26	8	7.95014499759
15	10	0.660641564726
15	26	1.0319544039
15	19	0.994989662222
15	37	1.10442687707
15	9	1.05548790846
15	8	0.847132570551
23	10	6.53730070922
23	26	8.67822307441
23	15	0.821041688631
23	19	4.81235984345
23	37	3.02353450167
23	33	2.40064174544
23	3	3.56447445221
23	9	1.64462056776
23	8	4.40719669055
19	10	1.91915276534
19	26	8.67196308664
19	15	1.36176719933
19	23	5.94627591929
19	33	1.8473962592
19	37	2.36293807768
19	1	1.75716139857
19	3	19.6031224195
19	6	3.24430450217
19	9	1.7670136106
19	8	4.8405712635
32	26	0.431293436562
37	10	1.07315386326
37	26	1.57311973305
37	15	0.826749827359
37	23	2.23669649426
37	19	1.71848349087
37	33	0.765393388769
37	6	0.811024573568
37	9	0.921014708533
37	8	1.13099183847
1	26	1.47394082265
1	15	0.727570916955
1	19	4.3542320728
1	33	1.03087147734
1	3	6.93524517084
1	8	1.16046595869
33	10	4.30117147597
33	23	1.21748314983
33	19	1.35360658266
33	37	1.46304379751
33	3	8.12817516895
33	7	0.955182948745
33	6	5.07933771433
33	9	1.04944782992
33	8	1.38807799048
3	26	3.55677585817
3	23	4.47765868059
3	19	13.7302070879
3	37	1.98829183594
3	1	5.75839914457
3	33	12.4124599868
3	7	0.751116989209
3	9	1.39236736885
3	8	6.65386701562
7	19	0.394328694881
7	8	1.44779353789
7	3	0.605071299554
7	33	0.717538089209
7	23	1.27719869725
6	10	7.76008640506
6	23	5.27705904627
6	33	4.35274143925
6	1	0.669612057706
6	3	6.06355964448
6	9	2.13809226565
9	10	2.83985107899
9	26	0.551213987565
9	23	0.978786780401
9	33	0.472801641235
9	37	0.8596904291
9	8	1.14938162104
8	10	3.43200807917
8	26	6.30224444233
8	15	0.815333549902
8	23	4.77787920965
8	19	3.71268070779
8	37	1.55919836703
8	1	0.899746219045
8	33	3.67123310314
8	3	7.20533630327
8	6	1.52892229406
8	9	1.82124092852
