11	39	1.21905224719
11	12	0.770986746836
11	14	0.770986746836
11	17	2.62292294517
11	23	2.51146205819
11	19	3.14847974233
11	18	0.457534831731
11	16	0.932324583321
11	34	1.37164771418
11	3	1.74515116264
11	4	0.127656247719
11	6	0.873878050754
13	11	0.548364661467
13	39	0.804067456816
13	34	0.902987454928
13	3	0.418523874824
13	4	0.259656955811
13	6	0.641221759867
12	11	0.548364661467
12	17	0.20232466041
12	23	1.23851023924
12	19	0.127220490229
12	18	0.589535539823
12	34	0.902987454928
12	6	0.641221759867
14	19	0.127220490229
14	39	0.804067456816
14	16	-0.447978173376
17	11	1.36263686072
17	39	0.70669715862
17	12	0.623288657242
17	23	1.81677847013
17	19	4.40573417978
17	18	1.58613623857
17	16	3.28355001771
17	34	0.623288657242
17	3	2.69142406999
17	4	1.43858615404
17	6	1.27316545963
23	11	1.75155344929
23	39	1.46027074617
23	12	1.24820921418
23	17	1.22318494875
23	16	0.39055361547
23	19	1.33040927805
23	18	0.698753330711
23	34	0.647548246837
23	6	0.750439550755
19	11	4.1298343017
19	39	0.685291638389
19	12	0.601883137011
19	17	5.0064183282
19	23	2.34235844836
19	18	1.20007371935
19	16	1.85719197043
19	34	1.20254410435
19	3	5.40494604209
19	4	1.41718063381
19	6	0.704774440928
18	11	0.339304080544
18	39	1.19566784323
18	12	0.693926874005
18	14	0.693926874005
18	17	1.63422057489
18	23	0.428788690979
18	19	2.65308740165
18	16	2.62487423651
18	34	0.693926874005
18	4	5.57412682844
18	6	1.03282214628
16	11	0.840786137481
16	39	1.40747046294
16	12	0.594747963601
16	17	6.27558265121
16	23	2.88220877342
16	19	4.97785445348
16	3	3.20986887481
16	4	4.32730145223
16	6	0.515310768029
39	11	1.71763655674
39	13	0.789991686869
39	14	0.795959853773
39	17	0.642282557723
39	23	0.713150170236
39	19	0.384849888052
39	16	0.356636722916
39	34	0.795959853773
39	3	0.91215724101
39	4	1.30027582047
39	6	1.31718362554
34	11	1.14902562881
34	13	0.897019288024
34	12	0.902987454928
34	17	0.20232466041
34	19	0.72788145757
34	18	0.589535539823
34	39	0.804067456816
34	4	0.259656955811
34	6	0.641221759867
3	11	1.51071652784
3	19	3.64217134945
3	12	0.589039824873
3	17	6.63453151146
3	16	1.97300168891
4	11	0.142373294418
4	13	0.855684919954
4	12	0.496996087879
4	17	0.525647291319
4	16	4.61588544426
4	19	2.8208136145
4	18	8.44200211867
4	39	3.36900755047
4	34	0.496996087879
4	6	3.20616185352
6	11	0.782447987036
6	13	0.766445614614
6	17	1.16572198394
6	16	-0.0315663483168
6	19	1.09061781376
6	18	1.05962283375
6	39	1.27415475075
6	34	0.772413781518
6	3	2.89422466314
6	4	3.10001474311
