11	25	2.43262236056
11	15	0.9633044891
11	10	2.01576011225
11	18	1.11176213353
11	28	0.61254105699
11	29	0.623151131486
11	9	0.47638934292
11	8	1.59658224097
10	11	1.30826690161
10	25	1.35544383999
10	26	5.54482533498
10	21	0.608619204315
10	17	3.14038659129
10	16	0.789810910109
10	18	1.43953614
10	29	3.19254260071
10	9	2.00548528408
10	8	5.02394073876
26	11	2.80827890331
26	10	4.80886408673
26	15	1.4398134391
26	17	1.48713863279
26	25	1.26817481516
26	18	0.386949148845
26	9	0.716894324558
26	8	1.96574025323
15	25	1.55824443314
15	26	1.37174194038
15	21	0.757744328591
15	10	0.540721217483
15	18	0.494690267341
15	28	1.19679112549
15	29	1.20740119998
15	1	0.670834728119
15	9	0.459978444076
15	8	0.432524876318
21	8	1.10810516447
21	28	0.671049478954
21	18	1.35259905498
21	17	0.393499575666
21	10	0.797969037781
17	25	0.97508945951
17	26	0.970915466242
17	21	0.592921822812
17	10	3.34683017241
17	29	1.5358887238
17	9	3.44841589849
17	8	1.36167336748
25	11	2.07182973194
25	26	1.43919414797
25	15	2.34432076314
25	17	1.84466045836
25	18	0.379813975435
25	28	1.99355733103
25	29	3.09813840246
25	1	2.37924343111
25	8	0.86463408288
18	11	1.21776222988
18	10	1.88837244801
18	26	0.295447208678
18	15	0.83591682487
18	21	1.42975703004
18	25	0.664278200924
18	16	1.42862023634
18	28	4.31405188203
18	29	2.13671996266
18	1	0.742186462222
18	9	0.713658677669
18	8	4.0217935696
16	8	1.11452682054
16	28	0.677471135024
16	21	1.43974627281
16	18	1.35902071105
16	10	0.257405195383
28	15	1.23251183268
28	21	0.625030103159
28	18	1.82060403782
28	29	5.2682424628
28	1	2.36140549758
28	8	7.59295063046
29	11	0.452278756762
29	10	1.54122144274
29	15	1.27175528643
29	18	1.67751899209
29	9	2.91910666525
29	8	3.80329559494
1	11	0.734167744181
1	25	3.15161517593
1	15	0.588326307532
1	21	0.581505545356
1	17	0.87165546958
1	18	0.318451484106
1	8	0.620943092061
9	11	0.413748820346
9	10	1.73869547469
9	26	0.821408764441
9	21	0.6257436205
9	17	2.97518250798
9	18	1.09200355721
9	29	0.65706802404
9	8	2.30613766261
8	11	2.11052133665
8	10	6.42770154456
8	26	2.46450581187
8	15	0.634704934699
8	21	1.22854513986
8	17	2.01200509369
8	25	1.01005180922
8	18	3.88274707045
8	16	1.22740834617
8	28	6.30078198573
8	29	3.94112156687
8	1	1.27028857001
8	9	2.70038878137
