10	1	1.26615074393
10	19	1.12782189769
10	13	0.637257524754
10	7	1.24959144909
13	10	0.805973987741
13	27	0.841650363234
13	20	1.1248256729
13	17	0.659611799384
13	25	1.15061194324
13	19	1.0757351318
13	31	1.15802004882
13	28	1.29329849865
13	1	1.21406397804
13	4	1.22120683176
13	7	1.1975046832
13	9	1.11694390328
27	25	1.20412574382
27	13	0.638684559436
27	20	1.17833947348
27	19	1.12924893238
27	18	0.642454925195
27	31	1.2115338494
27	28	1.34681229922
27	1	1.26757777861
27	4	1.27472063234
27	7	1.25101848378
27	9	1.17045770385
20	25	1.28118561665
20	13	0.715744432268
20	27	0.972224036643
20	17	0.790185472793
20	19	1.20630880521
20	18	0.719514798026
20	31	1.28859372223
20	28	1.42387217206
20	4	1.35178050517
20	7	1.32807835661
17	25	1.14633083919
17	13	0.580889654813
17	27	0.837369259187
17	20	1.12054456886
17	19	1.07145402775
17	18	0.584660020571
17	31	1.15373894478
17	28	1.2890173946
17	1	1.20978287399
17	4	1.21692572771
17	7	1.19322357915
17	9	1.11266279923
25	10	0.899444759417
25	13	0.678641530534
25	20	1.21829644458
25	17	0.753082571059
25	19	1.16920590347
25	31	1.2514908205
25	28	1.38676927032
25	7	1.29097545487
25	9	1.21041467495
19	10	0.820244334562
19	13	0.599441105679
19	27	0.855920710054
19	20	1.13909601972
19	17	0.673882146205
19	25	1.16488229006
19	18	0.603211471438
19	31	1.17229039565
19	28	1.30756884547
19	4	1.23547717858
19	7	1.21177503002
19	9	1.1312142501
18	13	0.513819024755
18	27	0.77029862913
18	20	1.0534739388
18	19	1.00438339769
18	31	1.08666831472
18	9	1.04559216917
31	10	1.01003994728
31	13	0.789236718394
31	27	1.04571632277
31	20	1.32889163244
31	17	0.86367775892
31	25	1.35467790278
31	19	1.27980109133
31	18	0.793007084153
31	28	1.49736445818
31	1	1.41812993757
31	4	1.4252727913
31	7	1.40157064273
31	9	1.32100986281
28	13	0.908394114347
28	27	1.16487371872
28	20	1.44804902839
28	17	0.982835154872
28	19	1.39895848729
28	31	1.48124340431
28	1	1.53728733353
28	7	1.52072803869
1	13	0.491699987183
1	27	0.748179591558
1	17	0.566141027708
1	31	1.06454927715
1	28	1.19982772697
1	4	1.12773606008
4	13	0.651527871575
4	27	0.90800747595
4	20	1.19118278562
4	31	1.22437716154
4	17	0.7259689121
7	10	0.888741999301
7	13	0.667938770419
7	27	0.924418374793
7	20	1.20759368446
7	17	0.742379810944
7	25	1.2333799548
7	19	1.15850314336
7	31	1.24078806038
7	28	1.37606651021
7	9	1.19971191484
9	25	1.12064421492
9	13	0.555203030535
9	27	0.81168263491
9	20	1.09485794458
9	19	1.04576740347
9	18	0.558973396294
9	31	1.1280523205
9	28	1.26333077032
9	7	1.16753695488
