11	10	6.68924729119
11	21	1.90676622936
11	22	0.879693806512
11	18	3.27104780814
11	3	1.49457976695
11	5	1.33488092164
11	4	1.52468585333
11	9	3.20705537745
11	8	4.99275454908
10	11	6.73822984294
10	14	3.63582646889
10	22	10.6476593888
10	18	1.36998942307
10	3	1.96379187525
10	5	4.90367752125
10	4	5.27581095244
10	7	3.89992245089
10	9	4.5879099832
10	8	5.82662365635
10	21	2.01132133867
14	11	1.61931335947
14	10	3.31584241243
14	21	1.92262527915
14	22	8.55334983487
14	18	8.75676184261
14	1	4.94218135683
14	3	6.43330830296
14	5	4.2143204944
14	4	5.68042492251
14	8	3.86096713307
22	10	17.3801099801
22	14	5.21306001171
22	18	1.85325196895
22	3	5.54663891246
22	5	1.504366109
22	4	11.9045670121
22	9	3.14053659644
22	8	1.33334124715
18	11	7.35640540722
18	10	1.21280898214
18	14	7.09628046326
18	1	1.7451769296
18	3	1.96000437931
18	5	1.74663006513
18	4	0.842463999884
18	7	4.15344101618
18	24	2.6709930374
18	9	3.20047205309
18	8	6.4984746895
1	11	0.634892093238
1	10	0.143479152329
1	14	3.78533317069
1	22	3.3216976115
1	18	2.06648162334
1	3	4.11891207143
1	5	1.04195723429
3	11	0.585991336523
3	10	3.37649138642
3	14	8.53064886957
3	22	7.52002781192
3	18	2.43591333447
3	1	3.17954533592
3	5	1.35771347656
3	4	2.45916090569
3	24	4.4700184427
3	9	0.805941970134
3	8	1.73367411318
3	21	2.16560275263
5	11	0.771173905376
5	10	6.84358694608
5	14	7.02119947415
5	22	3.09332242466
5	18	2.20276343548
5	3	1.52026639123
5	4	4.52130393832
5	7	1.7617650026
5	24	2.59591204829
5	9	2.26742403541
5	8	4.34280264427
4	10	7.33563160929
4	14	4.77831664502
4	22	11.9724780643
4	1	1.48650207462
4	3	2.19463955393
4	5	4.09422967187
4	9	1.48316920219
4	8	1.73526281616
7	24	0.902868786997
7	10	3.19860565928
7	21	0.7863950908
7	18	3.06231916702
7	9	2.81599823686
7	8	0.95512741869
7	14	2.22857172153
24	11	6.38587291028
24	14	5.76109096733
24	18	5.13621041692
24	3	4.27138487318
24	5	2.05239706462
24	7	0.994966525377
24	8	2.24602920175
24	21	1.40165834478
9	11	3.11839193459
9	10	4.0856069896
9	14	0.745302558494
9	22	1.74029499522
9	18	1.03206450552
9	5	0.919182613925
9	4	2.20295854255
9	7	3.01501203488
9	8	1.11281475106
9	21	0.761753923679
8	11	6.07511128941
8	10	4.67205585105
8	14	4.12035438116
8	22	2.38041932555
8	18	4.77177332717
8	1	0.828539810769
8	3	2.08366278854
8	5	3.25393890853
8	4	2.89675834176
8	7	1.77817590144
8	24	2.24766594816
8	9	1.73684943579
8	21	2.49584925095
21	24	1.26801939409
21	10	1.63312033373
21	14	1.68207983117
21	3	1.65100173293
21	5	1.07297041977
21	9	0.88585591233
21	8	2.17824505435
