11	10	2.01576011225
11	15	0.9633044891
11	21	1.37481619478
11	17	1.97594764911
11	23	0.780975989611
11	29	0.623151131486
11	4	0.545877858737
11	6	1.46607832467
11	8	1.59658224097
11	25	2.43262236056
10	11	1.30826690161
10	25	1.35544383999
10	15	1.16242546496
10	17	3.14038659129
10	23	0.615439966491
10	29	3.19254260071
10	6	1.97618083064
10	8	5.02394073876
15	11	0.910406527416
15	10	0.540721217483
15	21	0.757744328591
15	17	0.500908754347
15	23	0.764565090767
15	16	0.756607534895
15	29	1.20740119998
15	1	0.670834728119
15	4	1.13012792723
15	6	0.302020960019
15	8	0.432524876318
15	25	1.55824443314
21	11	1.22132981659
21	10	0.797969037781
21	15	0.839484411576
21	17	0.393499575666
21	23	0.839484411576
21	16	1.43218782305
21	4	0.604386280702
21	8	1.10810516447
21	25	0.667845787629
17	11	1.11024102062
17	25	0.97508945951
17	21	0.592921822812
17	23	0.599742584988
17	6	0.866512452198
17	8	1.36167336748
17	10	3.34683017241
23	11	0.684171892598
23	25	0.731348830981
23	15	0.902987454928
23	21	0.896166692752
23	16	0.895029899056
23	29	0.745162596802
23	20	0.861305019408
23	4	0.303232325075
23	6	0.44044332418
23	8	0.570947240479
16	25	0.674267443699
16	20	0.804223632126
16	21	1.43974627281
16	17	0.399921231735
16	23	0.845906067645
16	4	0.246150937793
16	8	1.11452682054
29	11	0.452278756762
29	10	1.54122144274
29	15	1.27175528643
29	23	0.671094319092
29	4	1.76597115352
29	6	2.94347768068
29	8	3.80329559494
20	11	0.624618013477
20	25	0.489466452371
20	21	0.654284314141
20	17	1.54509520571
20	16	0.653147520445
20	4	0.0613499464647
20	8	1.24070735931
1	10	-0.000174564730584
1	15	0.588326307532
1	4	5.27609766287
1	21	0.581505545356
4	11	1.03032707842
4	10	2.3015982639
4	15	1.30281810962
4	21	0.695336380106
4	23	0.519828642792
4	16	0.51187108692
4	29	1.50965025048
4	1	4.80198226789
4	25	5.32473497393
4	6	4.61549699928
4	8	4.56367241609
6	11	1.69020998507
6	10	3.27246270064
6	15	0.579050582098
6	21	1.17289078726
6	17	2.32100774006
6	23	0.579050582098
6	29	3.33848171581
6	4	3.80819394152
6	8	3.94725582631
6	25	2.23069695305
8	11	2.11052133665
8	10	6.42770154456
8	15	0.634704934699
8	21	1.22854513986
8	17	2.01200509369
8	23	0.634704934699
8	16	1.22740834617
8	29	3.94112156687
8	4	5.50480478953
8	6	3.69007776313
8	20	1.32233649714
8	25	1.01005180922
25	11	2.07182973194
25	10	1.51981592251
25	15	2.34432076314
25	21	0.642868036685
25	23	0.649688798861
25	16	0.641731242989
25	29	3.09813840246
25	1	2.37924343111
25	4	3.93250762716
25	6	2.55741516148
25	8	0.86463408288
