24	10	0.427868038051
24	13	1.15303602386
24	20	0.265019426246
24	22	1.11404400008
24	4	0.802714099878
24	7	1.07048585497
24	9	1.0072451472
24	8	0.213513927252
10	20	0.00672614879201
10	22	0.85575072263
10	23	0.545339001948
10	19	0.894742746402
10	18	0.894742746402
10	4	0.544420822424
10	7	0.812192577512
10	6	-0.82682491393
10	9	0.748951869748
10	8	-0.0447793502028
13	9	1.06075894778
20	10	0.179564003371
20	22	0.865739965404
20	19	0.904731989176
20	4	0.554410065198
20	7	0.822181820287
20	6	-0.816835671156
20	9	0.758941112522
20	8	-0.0347901074283
22	9	0.989407213676
22	4	0.784876166352
22	7	1.05264792144
23	24	0.975876750847
23	10	0.30942415944
23	22	0.995600121472
23	18	1.03459214524
23	1	0.946339061313
23	4	0.684270221267
23	7	0.952041976355
23	6	-0.686975515087
23	8	0.0950700486399
19	10	0.552733572732
19	4	0.927579634559
19	7	1.19535138965
18	10	0.552733572732
18	22	1.23890953477
18	23	0.928497814083
18	4	0.927579634559
18	7	1.19535138965
18	6	-0.443666101795
1	9	0.817449534487
1	4	0.612918487163
4	24	0.81248127975
4	10	0.146028688343
4	20	-0.0168199234621
4	22	0.832204650376
4	23	0.521792929693
4	18	0.871196674148
4	7	0.788646505258
4	6	-0.850370986184
4	9	0.725405797494
7	10	0.263045532272
7	20	0.100196920467
7	23	0.638809773623
7	19	0.988213518077
7	18	0.988213518077
7	4	0.637891594099
7	6	-0.733354142255
7	9	0.842422641423
7	8	0.0486914214727
6	10	0.1852721421
6	20	0.0224235302948
6	22	0.871448104132
6	23	0.56103638345
6	19	0.910440127905
6	18	0.910440127905
6	4	0.560118203927
6	7	0.827889959015
6	9	0.764649251251
6	8	-0.0290819687
9	10	0.243067046723
9	22	0.929243008756
9	4	0.61791310855
9	7	0.885684863639
9	6	-0.753332627804
9	8	0.0287129359237
8	10	0.228796699903
8	20	0.0659480880978
8	19	0.953964685708
8	18	0.953964685708
8	7	0.871414516818
8	6	-0.767602974624
8	9	0.808173809054
