11	10	3.10802392993
11	38	3.67977031702
11	21	0.319113681291
11	27	1.72263360164
11	6	0.741875782395
11	8	2.11135273386
10	11	2.60811847883
10	13	1.13731531594
10	27	5.26695070243
10	18	2.54626542733
10	38	7.4064159173
10	7	4.74918667931
10	8	4.19704183873
13	11	0.632804652587
13	10	0.247467747858
13	27	1.23234791293
13	21	1.88811695584
13	38	1.91318513189
13	7	0.768259358678
13	6	1.16323259113
13	9	0.416965422843
13	8	0.891753047184
27	11	1.85416331375
27	10	5.71605736616
27	13	1.84198814677
27	38	3.91753325988
27	21	3.6027856466
27	18	2.33929576073
27	1	1.42167935916
27	5	2.79828021778
27	7	1.80728952035
27	9	0.726681586562
27	8	3.44308667365
21	10	2.18282460301
21	13	2.42733331014
21	27	4.07934726552
21	14	1.56193363234
21	18	1.64834142767
21	1	5.05293354497
21	5	7.03019537094
21	7	1.79197371638
21	9	0.529037283095
21	8	2.46245290335
18	10	2.55851630191
18	27	2.81408246903
18	38	1.4893061936
18	5	2.66534608312
18	7	3.80862191069
18	6	0.921682152336
18	9	0.540071983026
1	11	0.576104842829
1	13	0.563929675851
1	21	3.23636967312
1	18	1.24356578929
1	5	5.16679173664
1	9	0.177937113597
38	10	5.19228600012
38	13	1.68287377972
38	27	2.53059617541
38	21	0.526415287717
38	7	3.65378864769
38	6	1.73216685565
38	8	3.64862930558
5	11	1.68648673861
5	10	0.754164335409
5	13	1.54565854101
5	27	4.29164349334
5	21	6.04138353318
5	18	3.50159415089
5	1	6.7238577687
5	38	1.3259107225
5	6	1.85225767817
5	8	2.49242063168
5	14	1.40957286117
7	10	6.23044097616
7	38	2.608631875
7	18	2.90735483961
7	27	1.56313765707
7	9	0.801430635851
7	8	2.68117078724
6	11	0.472595190669
6	8	1.14987605312
6	38	2.5359651368
6	27	1.49047091887
6	18	1.14005613713
9	10	1.9030761676
9	13	1.18226690842
9	27	1.06467133779
9	7	0.836586751898
9	38	1.56318005725
8	10	3.04786856405
8	13	0.81475584008
8	38	5.26057144655
8	21	1.66391084246
8	18	1.67672045301
8	7	4.79128420243
8	6	1.41103441448
8	9	0.611091777314
14	18	1.43028742342
14	6	1.05725044713
