10	25	1.08982527727
10	13	0.524384092888
10	17	0.598825133413
10	19	1.01494846583
10	18	0.528154458647
10	31	1.09723338285
10	3	0.269136015017
10	9	1.05615723731
13	10	0.693100555875
13	27	0.728776931368
13	17	0.546738367518
13	25	1.03773851137
13	19	0.962861699932
13	18	0.476067692751
13	31	1.04514661696
13	28	1.18042506678
13	1	1.10119054617
13	3	0.217049249122
13	7	1.08463125133
13	9	1.00407047141
27	13	0.52581112757
27	17	0.600252168095
27	18	0.529581493329
27	31	1.09866041754
27	28	1.23393886736
27	1	1.15470434675
27	3	0.2705630497
27	7	1.13814505191
27	9	1.05758427199
17	10	0.688819451829
17	13	0.468016222947
17	27	0.724495827321
17	25	1.03345740733
17	19	0.958580595885
17	18	0.471786588705
17	31	1.04086551291
17	28	1.17614396273
17	1	1.09690944212
17	3	0.212768145076
17	7	1.08035014729
17	9	0.999789367365
25	10	0.786571327551
25	13	0.565768098668
25	27	0.822247703043
25	17	0.640209139193
25	19	1.05633247161
25	18	0.569538464427
25	31	1.13861738863
25	3	0.310520020797
25	7	1.17810202301
19	10	0.707370902696
19	13	0.486567673813
19	27	0.743047278188
19	17	0.561008714339
19	25	1.05200885819
19	18	0.490338039572
19	31	1.05941696378
19	3	0.231319595943
19	7	1.09890159815
18	25	0.96638677727
18	27	0.657425197264
18	19	0.891509965828
18	31	0.973794882856
18	28	1.10907333268
18	3	0.145697515019
18	7	1.01327951723
31	10	0.897166515411
31	13	0.676363286529
31	27	0.932842890903
31	17	0.750804327054
31	25	1.24180447091
31	19	1.16692765947
31	18	0.680133652287
31	3	0.421115208658
31	7	1.28869721087
31	9	1.20813643095
28	1	1.42441390166
28	18	0.79929104824
28	27	1.05200028686
28	9	1.3272938269
28	17	0.869961723006
1	10	0.5996297842
1	13	0.378826555317
1	27	0.635306159692
1	17	0.453267595842
1	19	0.869390928256
1	18	0.382596921076
1	28	1.08695429511
1	3	0.123578477447
1	7	0.991160479657
3	10	0.687392417147
3	13	0.466589188265
3	27	0.723068792639
3	17	0.54103022879
3	25	1.03203037265
3	19	0.957153561203
3	18	0.470359554023
3	31	1.03943847823
3	1	1.09548240744
3	7	1.0789231126
7	10	0.775868567435
7	13	0.555065338553
7	27	0.811544942928
7	25	1.12050652293
7	19	1.04562971149
7	18	0.558835704311
7	31	1.12791462852
7	28	1.26319307834
7	1	1.18395855773
7	3	0.299817260682
7	9	1.08683848297
9	13	0.442329598669
9	7	1.05466352301
