11	20	3.07169711215
11	17	0.933396844589
11	19	3.44547258701
11	36	1.82910054632
11	33	0.167274237217
11	7	3.40073286542
25	9	2.8315300213
25	34	5.47922365687
39	20	0.73583711946
39	17	0.731803376892
39	33	-0.162972261096
39	34	1.50131207391
39	7	1.24720137221
39	9	0.751880994972
20	11	3.90062425776
20	25	5.70551212884
20	39	1.76793144982
20	17	4.92502692533
20	19	5.97847467184
20	36	3.39678466483
20	34	6.42384962031
20	1	1.41720605097
20	33	8.58846377457
20	7	4.52878242319
20	6	1.92831997112
20	9	2.57483405005
17	39	0.584609116956
17	20	5.38669483045
17	19	7.27277377008
17	34	0.499986300721
17	1	4.66344317472
17	33	2.84692895449
17	7	1.52217509545
17	6	3.04029056987
17	9	0.715873188105
19	1	2.58966395541
19	11	4.34376816425
19	20	5.50085760501
19	33	1.32013523365
19	6	1.51349684903
36	33	0.394935906713
36	39	1.04987206102
36	20	2.75237328319
34	25	5.21846208702
34	39	1.280881408
34	20	5.53598162302
34	17	0.791406893723
34	33	5.7311432394
34	1	1.8417985066
34	9	2.45244100721
1	39	0.619571466667
1	20	1.04577319241
1	17	3.64801391156
1	34	2.90521914379
1	7	0.827823447197
1	6	1.3806209553
33	11	1.33803602213
33	39	1.57561370755
33	20	10.2065979103
33	17	3.27408118716
33	19	1.04561594285
33	36	3.38679542205
33	34	8.05481687294
33	7	2.87783668502
33	6	1.37134522987
33	9	2.38251630779
7	11	3.48349891536
7	39	1.53313460691
7	20	6.33522032039
7	19	3.73806433454
7	33	1.42518395107
7	6	0.781880630755
7	9	2.15770870765
6	11	0.746762810812
6	39	0.930665027358
6	20	1.3568667531
6	17	2.00716944675
6	19	1.96664619631
6	36	0.425251717369
6	34	1.57535620908
6	1	0.998272096361
6	33	-0.0889281259246
6	7	0.956588508398
9	11	2.1513251571
9	33	0.714973253026
9	20	1.06679713511
9	7	1.76048988735
9	34	0.738301092627
