24	10	1.60981031241
24	27	4.19003726673
24	14	4.25677279391
24	17	3.45327166049
24	23	6.74401374901
24	32	4.5094310702
24	30	1.26491285477
24	22	0.812679110858
24	2	2.64432527663
24	5	3.45271073578
24	9	1.6640962262
10	24	1.39070377813
10	27	3.12587232982
10	14	2.82795085802
10	22	2.22613560506
10	23	2.45161129016
10	32	1.67565660726
10	17	1.53113969502
10	9	2.71289572141
27	24	3.10141470144
27	14	5.08564727979
27	23	7.02590273642
14	24	3.95811636363
14	10	4.57168595691
14	27	5.87561341481
14	17	12.4319877881
14	22	3.0452407574
14	32	5.64802171979
14	2	1.77730243186
14	5	0.762402896105
14	9	5.17295736916
17	24	2.26491143403
17	10	3.11448499567
17	27	8.92294947193
17	14	11.906940991
17	22	3.41132479106
17	32	9.34969421314
17	30	1.49328804161
17	2	3.10870443183
17	5	1.9114763966
17	9	4.62739890537
23	24	5.90648680243
23	10	2.9271618748
23	22	1.58304517478
23	32	2.78087361014
23	5	3.9120952696
23	9	1.88747679165
32	24	3.17584041413
32	10	1.47281498293
32	27	2.90539547145
32	14	3.88377349606
32	17	13.2156907723
32	23	2.28480990066
32	30	3.68051651813
32	22	1.04034078036
32	2	8.0308604007
32	5	7.19828936445
30	9	0.795646346736
30	2	2.32286089565
30	5	1.85494685836
30	22	0.855871728846
30	17	2.94947878002
22	24	0.829447932845
22	10	1.73269696336
22	14	1.17272401579
22	17	2.42851184564
22	23	1.5256984459
22	32	0.749743762997
22	2	1.07257996331
22	5	0.969322925005
2	24	4.09851761151
2	10	1.11919268388
2	14	3.34782269753
2	17	2.83400100135
2	32	8.26604439879
2	30	1.32128072471
2	5	1.19248358123
2	9	0.808821598691
5	24	3.73814171659
5	14	1.34649030719
5	23	5.21738169646
5	32	5.71772650999
5	30	3.51350382263
5	2	1.30002172358
5	9	0.630774203247
9	24	3.20224055575
9	10	2.46453309087
9	14	3.18085963973
9	17	4.61897596906
9	23	0.981235076977
9	32	1.4815798905
9	5	0.971845054554
