11	10	6.46350042745
11	12	0.551315153509
11	14	0.93525400248
11	22	0.65394694278
11	18	3.0453009444
11	3	1.26883290322
11	4	1.2989389896
11	9	2.98130851372
11	8	4.76700768535
10	11	6.51248297921
10	14	3.41007960516
10	22	10.421912525
10	18	1.14424255933
10	3	1.73804501152
10	4	5.05006408871
10	9	4.36216311947
10	8	5.60087679262
12	10	1.16653654854
14	11	1.39356649574
14	10	3.0900955487
14	12	2.33678372932
14	22	8.32760297113
14	18	8.53101497888
14	1	4.7164344931
14	3	6.20756143923
14	4	5.45467805878
14	24	5.82457910038
14	8	3.63522026934
22	24	1.1090112206
22	10	17.1543631164
22	12	1.99709983728
22	14	4.98731314798
22	3	5.32089204872
22	4	11.6788201484
22	9	2.91478973271
22	8	1.10759438342
18	11	7.13065854349
18	10	0.987062118412
18	12	3.51566328984
18	14	6.87053359952
18	22	1.66635705361
18	3	1.73425751558
18	4	0.616717136152
18	24	2.44524617367
18	9	2.97472518935
18	8	6.27272782577
1	24	1.32224087498
1	10	-0.082267711403
1	14	3.55958630696
1	18	1.84073475961
1	3	3.8931652077
1	4	0.641358303273
3	11	0.360244472791
3	10	3.15074452269
3	12	1.66811870536
3	14	8.30490200584
3	22	7.29428094819
3	18	2.21016647074
3	1	2.95379847219
3	4	2.23341404196
3	24	4.24427157897
3	9	0.580195106402
3	8	1.50792724945
4	11	0.855143205364
4	10	7.10988474556
4	14	4.55256978129
4	22	11.7467312006
4	18	1.73974723699
4	1	1.26075521089
4	3	1.9688926902
4	24	1.22125335237
4	9	1.25742233846
4	8	1.50951595243
24	11	6.16012604655
24	10	1.11050061841
24	14	5.5353441036
24	22	1.24281005514
24	18	4.91046355319
24	1	1.27821156689
24	3	4.04563800945
24	4	0.740155636151
24	9	1.09255019497
24	8	2.02028233802
9	11	2.89264507086
9	8	0.887067887327
9	4	1.97721167882
9	22	1.51454813148
9	10	3.85986012586
8	11	5.84936442568
8	10	4.44630898732
8	14	3.89460751743
8	22	2.15467246182
8	18	4.54602646344
8	3	1.85791592481
8	4	2.67101147803
8	24	2.02191908443
8	9	1.51110257206
