11	25	1.33344545037
11	20	3.18457054402
11	14	0.954030384986
11	19	3.55834601888
11	33	0.280147669082
11	7	3.51360629728
11	9	2.03166586086
25	14	0.955125479853
25	16	1.4681311688
25	33	3.19849875577
25	36	4.13101106692
25	34	5.59209708874
25	1	0.639128988278
25	7	1.87374489674
25	9	2.94440345317
39	9	0.864754426838
39	19	0.621825058836
39	7	1.36007480407
20	11	4.01349768963
20	25	5.8183855607
20	16	5.82332315366
20	19	6.0913481037
20	33	8.70133720644
20	7	4.64165585506
20	6	2.04119340298
14	9	1.01173899909
14	11	0.878901210886
14	36	0.739718616932
14	7	1.50705937632
14	19	0.951138130579
16	11	1.28784592272
16	20	4.99753435633
16	19	3.96635730414
16	34	3.39273881741
16	33	4.28105347525
16	7	1.6800001198
16	6	2.65113009576
19	11	4.45664159612
19	25	0.244688984051
19	39	0.811645323387
19	20	5.61373103688
19	14	1.37757738346
19	16	1.39727304281
19	1	2.70253738728
19	7	4.84879579319
19	6	1.6263702809
19	9	2.58386588994
36	25	3.74904911374
36	39	1.16274549289
36	14	0.817035055507
36	33	0.507809338579
36	7	2.28263997087
36	9	1.71234203189
34	25	5.33133551888
34	20	5.64885505488
34	16	8.43585760315
34	33	5.84401667126
34	36	1.92863705794
34	1	1.95467193846
34	7	1.60200682039
34	6	1.00715786269
1	25	0.530145558174
1	16	5.45795263733
1	19	2.80872159556
1	34	3.01809257566
1	33	0.624494242697
1	6	1.49349438717
1	9	1.41069446815
33	11	1.450909454
33	25	6.3553818164
33	39	1.68848713942
33	20	10.3194713422
33	14	1.88976220051
33	16	5.26634841241
33	19	1.15848937471
33	36	3.49966885392
33	34	8.1676903048
33	7	2.99071011688
33	9	2.49538973966
7	11	3.59637234723
7	25	2.66633272596
7	20	6.44809375225
7	14	1.66495460037
7	19	3.85093776641
7	36	1.63390475838
7	34	2.2906992205
7	33	1.53805738294
7	6	0.894754062621
7	9	2.27058213951
6	25	0.476582119887
6	20	1.46974018497
6	16	1.99382317762
6	19	2.07951962818
6	36	0.538125149235
6	34	1.68822964095
6	1	1.11114552823
6	33	0.0239453059413
6	7	1.06946194026
9	11	2.26419858897
9	20	1.17967056698
9	14	0.954743902327
9	19	1.00646054336
9	36	1.57803049655
9	33	0.827846684891
9	7	1.87336331922
