11	26	-3.90349406774e-05
11	16	3.90753305022
11	99	1.42507008598
11	3	0.629107961668
11	6	1.14297487046
11	8	0.573183449041
26	11	1.90501182549
26	12	2.91913627463
26	15	1.90741803882
26	16	3.64743116057
26	36	1.10246936695
26	99	1.47594972642
26	5	3.57675634336
26	4	2.51347130408
26	6	2.70615797569
26	8	8.88252103538
12	26	0.682896335845
12	36	0.222221632512
12	99	0.413373492492
12	3	3.68231382582
12	5	0.819548145151
12	4	5.59077508954
12	8	-0.0201806765938
15	11	0.666860687959
15	26	2.33060642714
15	16	0.457341997521
15	99	1.51409808531
15	3	1.13646842885
15	5	2.46725823644
15	6	2.43332480447
15	8	0.769562386122
16	11	4.14646761994
16	26	2.34597186882
16	12	0.784708081338
16	15	0.920636311332
16	36	1.2096586364
16	99	1.16480652802
16	3	3.5221043639
16	2	8.12399267792
16	5	1.93563817966
16	4	3.24262363375
16	6	4.81896073953
16	8	4.79615481657
36	26	0.077734355232
36	99	0.719854009321
36	3	0.342224352862
36	5	1.49068566096
36	4	1.52137161862
36	7	1.15354480664
36	6	0.909766730527
99	11	2.15205049379
99	26	-0.249106224673
99	12	0.559900481203
99	15	1.18913874079
99	16	0.194224370198
99	36	0.931175567395
99	5	0.616859582587
99	7	2.33900769152
99	8	0.506444758799
3	11	0.400718719753
3	12	5.24374165817
3	15	1.6794244295
3	16	3.60176605074
3	36	0.145161759681
3	99	0.700970618638
3	5	7.35998972281
3	4	6.47903318302
3	7	0.587675917488
3	6	4.30144936127
3	8	1.72604444547
2	15	1.23661246282
5	26	7.78849328532
5	12	0.886027543765
5	15	1.15060880437
5	36	1.80428812842
5	99	1.44845448994
5	3	5.31805579061
5	4	3.39761856505
5	6	1.0377062438
5	8	1.9265428183
4	11	1.56746848548
4	26	2.55557569557
4	12	2.76392143411
4	16	2.58057382259
4	36	0.947254526424
4	99	0.773749387424
4	3	9.7485486738
4	5	2.69222750488
4	8	0.887180716806
7	11	1.13980205126
7	5	1.24556763546
7	36	0.830569622309
6	11	0.913073808326
6	26	2.39449104801
6	12	1.92719825746
6	15	2.42778348643
6	16	4.16779660819
6	99	0.484011709254
6	3	4.11760904156
6	5	2.16648585834
6	4	2.56182881497
6	8	2.65673200189
8	26	2.87511943376
8	15	0.902798377806
8	16	4.83075349343
8	99	0.782311595516
8	3	1.3163244365
8	5	1.00615774869
8	4	1.21917220584
8	6	4.25413730753
