13	22	0.291577739164
13	28	0.73035368712
13	1	1.06390216687
13	2	1.43764590314
13	5	2.08272522314
13	9	0.707170567852
15	13	0.769595070086
15	22	1.11490575462
15	17	0.960688355465
15	28	0.824367704617
15	7	1.02842791026
15	8	0.758507721582
17	8	2.75506539976
17	3	0.952926502527
17	21	0.787443231215
17	7	0.472386595589
22	13	0.721075890895
22	15	1.90710809051
22	17	2.1884686727
22	23	1.04267309257
22	1	1.0557215363
22	3	5.78265715688
22	7	3.16785072495
22	8	3.62724453422
23	8	0.157846754241
23	3	0.725978350369
23	28	0.406035236765
23	22	0.331916287788
28	13	1.16816896162
28	15	1.62488716327
28	17	2.27090474444
28	22	4.43073563798
28	23	0.942780664829
28	2	4.0108248683
28	5	1.37399119749
28	7	4.89124329209
28	9	2.24005400495
28	8	5.35063710137
1	3	2.03334066998
1	13	0.618329393786
1	23	0.575269596486
3	13	1.3367207224
3	15	0.956773988348
3	22	3.76262246305
3	23	0.692999957757
3	28	1.64879941816
3	1	1.43536239944
3	5	1.36021445878
3	9	1.62561629889
3	8	-0.240345559766
2	13	1.23254719061
2	15	1.39958595502
2	17	3.19325000201
2	28	2.27393988433
2	1	1.14886036816
2	7	5.75991308078
2	9	1.5214427671
2	8	2.20807990129
5	22	0.230928765176
5	23	0.625547750174
5	1	1.91489569033
5	3	0.86099479612
5	9	1.19350709233
5	8	-0.12546926786
7	17	1.1854959556
7	22	2.79834135067
7	23	1.49832837139
7	28	3.23711729862
7	3	0.403800452036
7	2	5.11335807333
7	5	0.835567907116
7	9	2.43094471252
7	8	3.53591431457
9	13	0.704664992052
9	22	2.09027120464
9	23	1.0799376626
9	28	2.16439015362
9	3	0.114062773866
9	2	0.630064906903
9	5	0.910487227925
9	7	1.63913636131
9	8	2.82784416855
8	13	0.985840462129
8	15	2.35420116123
8	17	5.73514623474
8	22	3.15443614155
8	23	0.57812366585
8	28	3.95786908849
8	3	2.40085173833
8	2	7.4750663586
8	7	4.34425779362
8	9	2.42238250443
21	17	1.12194327454
