13	38	1.68499055481
13	21	1.59834792862
13	22	0.40445117103
13	1	1.17677559873
13	2	1.55051933501
13	5	2.19559865501
13	7	0.682630325652
13	8	-0.134275361496
38	13	1.68434135946
38	22	0.463673110335
38	23	0.858292095333
38	1	1.05366903855
38	2	1.24508427534
38	5	1.70783509585
38	7	0.559523765468
38	9	0.879265939024
38	8	-0.0750534221897
15	2	1.35485391527
15	17	1.07356178733
21	13	1.64438438837
21	17	1.2348167064
21	22	0.423716139238
21	23	0.818335124236
21	1	1.37836906643
21	3	1.05378217018
21	2	1.20512730424
21	5	2.03253512373
21	9	0.839308967926
21	8	0.249646605691
22	13	0.833949322761
22	15	2.01998152237
22	21	0.807177831221
22	17	2.30134210457
22	23	1.15554652444
22	3	5.89553058875
22	2	1.85332023455
22	5	0.857443059145
22	7	3.28072415681
22	9	1.54117736711
22	8	3.74011796609
23	38	0.942339636607
23	21	0.855697010411
23	22	0.444789719654
23	2	0.625539917314
23	17	1.85655125416
23	7	1.45228287223
23	9	1.27871501619
23	8	0.270720186107
1	9	1.43843087
1	8	-0.427530988661
1	3	2.14621410185
3	22	3.87549589492
2	13	1.34542062247
2	38	1.40529175713
2	21	1.31864913093
2	22	1.58338036926
2	23	1.2486853563
2	1	1.26173380003
2	5	1.36891435886
2	17	3.30612343388
2	7	5.87278651265
2	9	1.63431619897
2	8	2.32095333316
5	13	1.92912744515
5	21	1.72002745412
5	22	0.343802197042
5	1	2.02776912219
5	2	1.12521336204
5	9	1.3063805242
5	8	-0.0125958359937
17	38	0.804630789787
17	15	0.783145388933
17	21	0.900316663081
17	22	1.76570886875
17	23	1.84934632364
17	8	2.86793883163
7	13	1.47193310107
7	38	0.802490237764
7	17	1.29836938747
7	22	2.91121478253
7	23	1.61120180326
7	1	1.07726474851
7	2	5.22623150519
7	9	2.54381814439
7	8	3.64878774644
9	38	0.877409558572
9	21	0.973095431867
9	22	2.20314463651
9	23	1.19281109447
9	2	0.742938338769
9	5	1.02336065979
9	7	1.75200979317
9	8	2.94071760041
8	38	0.793928029671
8	15	2.46707459309
8	21	0.707285403476
8	22	3.26730957342
8	23	0.690997097716
8	3	2.5137251702
8	2	7.58793979047
8	5	0.7575506314
8	17	5.84801966661
8	7	4.45713122549
8	9	2.5352559363
