11	19	1.73922793945
11	18	1.72109622014
11	27	1.83550703351
10	13	1.2501887478
10	27	5.3798241343
10	14	1.11410306796
10	18	2.6591388592
10	38	7.51928934917
10	5	1.65949532035
10	7	4.86206011117
10	6	2.57578132016
10	9	2.32282418146
10	8	4.30991527059
13	10	0.360341179724
13	27	1.3452213448
13	14	1.74506370344
13	18	1.46681449979
13	1	2.31880762425
13	38	2.02605856375
13	5	1.56114195786
13	7	0.881132790544
13	6	1.276106023
13	9	0.529838854709
13	8	1.00462647905
27	11	1.96703674561
27	10	5.82893079802
27	13	1.95486157864
27	38	4.03040669174
27	14	1.08946190084
27	18	2.45216919259
27	1	1.53455279103
27	5	2.91115364965
27	7	1.92016295222
27	6	2.18648315406
27	9	0.839555018428
27	8	3.55596010552
14	10	-0.292626462743
14	13	1.5928387398
14	27	0.692253702331
14	1	1.11885448331
14	38	1.00843392231
14	5	1.27283131438
14	7	0.592822147056
14	6	1.170123879
14	8	0.898644335052
19	13	1.36863262641
19	27	1.06870855629
18	11	1.59809864259
18	10	2.67138973378
18	27	2.9269559009
18	1	1.53027168698
18	38	1.60217962547
18	5	2.77821951498
18	7	3.92149534256
18	6	1.0345555842
18	9	0.652945414892
1	10	-0.425672627991
1	13	0.676803107717
1	27	0.741536036572
1	18	1.35643922116
1	38	1.05771625655
1	5	5.27966516851
1	9	0.290810545463
38	11	1.80792237856
38	10	5.30515943198
38	13	1.79574721159
38	27	2.64346960728
38	14	0.930347533792
38	19	1.52819707802
38	1	1.37543842398
38	5	0.564097288724
38	7	3.76666207956
38	8	3.76150273744
5	10	0.867037767275
5	13	1.65853197288
5	27	4.40451692521
5	14	1.52244629304
5	18	3.61446758275
5	1	6.83673120056
5	7	1.93481487657
5	6	1.96513111004
5	9	0.854206942775
5	8	2.60529406354
7	10	6.34331440802
7	13	0.88196416212
7	27	1.67601108894
7	14	0.928206981768
7	18	3.02022827148
7	38	2.72150530686
7	6	0.877581769174
7	9	0.914304067717
7	8	2.7940442191
6	10	1.34777818362
6	13	1.30260745351
6	27	1.60334435073
6	14	1.16652177367
6	18	1.252929569
6	38	2.64883856867
6	5	0.982600028095
6	7	0.538594829137
9	10	2.01594959947
9	38	1.67605348912
9	27	1.17754476966
9	7	0.949460183764
9	6	1.47308644683
9	8	0.836949903907
8	10	3.16074199592
8	13	0.927629271946
8	27	2.14000866661
8	14	0.973872091595
8	18	1.78959388488
8	38	5.37344487842
8	5	2.7955638404
8	7	4.9041576343
8	9	0.72396520918
