13	20	0.0820450975823
13	44	6.03989905712
13	30	2.43740064467
13	28	3.90147204098
13	6	1.56834828277
13	9	0.760824600952
13	8	1.24369494747
38	33	0.784726248032
38	8	1.78030962563
38	44	1.83597274856
38	30	2.06237282539
20	9	0.272729101974
20	8	1.9032459143
20	13	1.15594429739
20	33	4.81153858771
20	6	2.77488474808
33	38	1.08187649766
33	20	6.38719622422
33	44	4.86958170469
33	30	3.63735378559
33	29	2.44932630717
33	77	0.492488734471
33	7	0.605997585014
33	9	1.96077774188
33	8	3.90227608432
44	13	5.03209659947
44	20	1.9577984359
44	33	4.12947840256
44	30	6.31876747736
44	29	2.2134840071
44	6	3.80875862007
44	9	0.995621443862
44	8	2.02547728885
30	77	0.575638323557
30	13	1.65084302996
30	38	0.564365119405
30	20	1.18281932811
30	44	4.89905582491
28	13	4.25338823668
28	44	2.94338854439
29	13	2.42796268977
29	33	2.4369869903
29	44	0.570977499007
29	6	2.22361814556
29	9	2.09173299282
29	8	2.08129330974
77	33	0.139827205547
77	8	2.33673251783
77	38	1.5969239873
77	20	2.26905366488
5	44	6.37387481043
7	33	0.247568324043
7	77	0.804295812503
6	13	4.24553954593
6	20	2.55489181653
6	33	3.52524984851
6	44	5.12348184751
6	30	1.75698740343
6	29	2.44592038876
6	8	3.16955616795
9	8	0.668882272699
9	44	0.670869926752
9	20	1.14818891822
9	29	2.31551698687
9	6	0.446550109541
8	13	1.37822976798
8	38	1.56805135384
8	20	1.87552403244
8	33	2.48122506545
8	44	2.62082906853
8	30	0.712962620359
8	29	2.13120960365
8	77	2.36231402483
8	6	2.99717021867
8	9	0.130357573583
