11	39	1.21905224719
11	12	0.770986746836
11	15	1.85308958394
11	14	0.770986746836
11	17	2.62292294517
11	23	2.51146205819
11	19	3.14847974233
11	34	1.37164771418
11	3	1.74515116264
11	4	0.127656247719
13	3	0.418523874824
13	15	0.472786827245
13	4	0.259656955811
13	17	0.20232466041
13	6	0.641221759867
12	11	0.548364661467
12	19	0.127220490229
12	17	0.20232466041
12	34	0.902987454928
15	11	1.32355507526
15	39	1.16092540275
15	14	0.530531402908
15	17	1.65315360329
15	19	3.09035289789
15	3	0.95771032025
15	4	1.16350040022
14	11	0.548364661467
14	39	0.804067456816
14	15	0.472786827245
14	17	0.802985627751
17	11	1.36263686072
17	39	0.70669715862
17	12	0.623288657242
17	15	2.38103002343
17	14	1.22394962458
17	23	1.81677847013
17	19	4.40573417978
17	34	0.623288657242
17	3	2.69142406999
17	6	1.27316545963
23	11	1.75155344929
23	39	1.46027074617
23	17	1.22318494875
23	19	1.33040927805
23	34	0.647548246837
23	3	1.43938416316
23	7	0.987138944819
19	11	4.1298343017
19	13	0.595914970107
19	12	0.601883137011
19	15	3.50727096901
19	14	0.601883137011
19	17	5.0064183282
19	23	2.34235844836
19	39	0.685291638389
19	34	1.20254410435
19	3	5.40494604209
19	4	1.41718063381
19	6	0.704774440928
39	11	1.71763655674
39	12	0.795959853773
39	15	0.54808772558
39	14	0.795959853773
39	17	0.642282557723
39	23	0.713150170236
39	19	0.384849888052
39	4	1.30027582047
39	7	0.770893552776
34	11	1.14902562881
34	39	0.804067456816
34	12	0.902987454928
34	17	0.20232466041
34	23	0.637849271902
34	19	0.72788145757
34	3	0.418523874824
34	4	0.259656955811
34	6	0.641221759867
3	11	1.51071652784
3	13	0.583071657969
3	12	0.589039824873
3	15	1.43513869362
3	17	6.63453151146
3	23	3.05882913419
3	19	3.64217134945
3	34	0.589039824873
3	6	2.02190609409
4	11	0.142373294418
4	13	0.855684919954
4	15	2.25473745407
4	14	0.496996087879
4	17	0.525647291319
4	19	2.8208136145
4	39	3.36900755047
4	34	0.496996087879
4	7	0.471929786883
4	6	3.20616185352
7	3	0.282242062686
7	15	0.937165982449
7	39	0.667785644678
7	23	1.23088145772
6	11	0.782447987036
6	13	0.766445614614
6	15	0.524541653326
6	14	0.772413781518
6	17	1.16572198394
6	23	0.871932597471
6	19	1.09061781376
6	39	1.27415475075
6	34	0.772413781518
6	3	2.89422466314
6	4	3.10001474311
6	7	0.929675980012
