25	13	2.98755166742
25	12	2.51686411265
13	25	2.45047695742
13	12	3.56873758647
13	15	3.15375851987
13	22	2.36686592122
13	33	1.40153060311
13	36	0.876833733214
13	3	2.06914312207
13	7	2.59984031477
13	9	2.68097522876
12	13	3.86763773356
12	15	4.67660307649
12	22	10.6358649589
12	33	4.80133562348
12	36	0.941050293907
12	3	1.95103118327
12	4	3.60412495253
12	9	4.62215225322
15	13	3.60325473985
15	12	5.73884164681
15	33	10.6824461435
15	32	1.91952597526
15	31	0.858995799688
15	40	0.858995799688
15	3	3.38128015384
15	9	3.75710829217
22	25	2.09493401557
22	13	2.58991120245
22	12	7.27809710226
22	33	3.10527662452
22	31	0.939623259225
22	36	0.939623259225
22	3	2.36793661644
22	4	1.83308839183
22	7	2.29797284181
22	9	1.64979375784
33	25	2.36968782959
33	13	2.86466501646
33	12	6.14789838923
33	15	8.59649984559
33	22	3.61605175868
33	32	3.86218827533
33	31	0.849720074255
33	40	0.849720074255
33	4	5.51840822726
33	9	5.44246453102
32	13	0.65027324326
32	12	0.415589656856
32	22	2.3669779518
32	33	3.71823765819
32	31	1.1879272939
32	36	1.1879272939
32	40	1.1879272939
32	3	1.70459815367
32	4	1.35207842855
32	7	0.905320381084
32	9	1.71576929303
31	13	0.354113909021
31	15	0.433765253986
31	33	0.869479331094
31	32	1.16930866841
31	40	1.25642495864
31	3	1.17243485107
31	4	0.819915125949
31	9	0.872624460319
36	13	0.354113909021
36	12	0.484087321595
36	15	0.433765253986
36	3	1.17243485107
36	7	0.973818045823
36	9	0.872624460319
40	12	0.484087321595
40	15	0.433765253986
40	22	0.376186653285
40	33	0.869479331094
40	32	1.16930866841
40	31	1.25642495864
40	36	1.25642495864
40	4	0.819915125949
3	13	0.703455104023
3	12	2.29205651251
3	15	2.11308141429
3	22	1.50851731512
3	31	1.05878065518
3	36	1.05878065518
3	4	7.60442927195
3	7	0.958502241847
3	9	1.5866226543
4	13	3.36203624087
4	12	4.40365215089
4	22	2.34381345707
4	33	5.15370115937
4	31	0.982434299687
4	36	0.982434299687
4	40	0.982434299687
4	3	6.23964614618
4	7	1.9761268833
7	9	2.19051926853
7	31	0.879687802578
7	15	2.0626415923
7	3	0.795697695007
7	22	1.82273449212
9	13	2.4132908417
9	12	4.23789621855
9	15	4.49855568104
9	22	2.07070658697
9	33	4.62328822805
9	31	0.945331397953
9	36	0.945331397953
9	3	1.77298378783
9	4	2.33210656016
9	7	2.5396849489
