25	13	3.10042509928
25	12	2.62973754452
25	22	1.06320888029
25	23	1.61514116625
25	33	1.73883005759
25	31	1.0318046882
25	40	1.0318046882
25	19	1.0318046882
25	27	1.73776331292
25	4	1.50693735295
25	7	2.57248277028
25	8	1.0318046882
13	33	1.51440403498
13	25	2.56335038929
13	12	3.68161101833
13	7	2.71271374664
12	25	2.20923448212
12	13	3.98051116543
12	27	2.17821481835
12	23	2.0019172028
12	33	4.91420905535
12	32	0.966807435538
12	19	1.65458469311
12	4	3.71699838439
12	7	2.28362027774
22	8	1.05249669109
22	4	1.9459618237
23	25	1.53985594082
23	13	1.48784762923
23	27	2.3668033056
23	33	4.00882654568
23	31	1.11385918242
23	19	1.11385918242
23	4	3.64828081043
23	7	3.20152276296
23	8	1.11385918242
33	25	2.48256126145
33	13	2.97753844833
33	12	6.26077182109
33	23	4.82784297497
33	19	1.56325447346
33	32	3.9750617072
33	31	0.962593506121
33	40	0.962593506121
33	27	2.63387009716
33	4	5.63128165913
33	7	3.65091805401
33	8	1.56325447346
32	25	0.815154986717
32	12	0.528463088722
32	23	2.12014117218
32	33	3.83111109005
32	31	1.30080072577
32	40	1.30080072577
32	19	1.30080072577
32	27	1.45977385202
32	4	1.46495186042
32	7	1.01819381295
32	8	1.30080072577
31	25	0.518995652478
31	13	0.466987340887
31	27	1.16361451778
31	23	1.04099237111
31	33	0.98235276296
31	32	1.28218210027
31	40	1.36929839051
31	7	1.08669147769
31	8	1.36929839051
40	25	0.518995652478
40	27	1.16361451778
40	33	0.98235276296
40	32	1.28218210027
40	31	1.36929839051
40	12	0.596960753461
40	4	0.932788557815
40	7	1.08669147769
40	8	1.36929839051
19	25	0.518995652478
19	27	1.76427548513
19	22	0.489060085151
19	23	1.04099237111
19	33	1.5830137303
19	32	1.28218210027
19	31	1.36929839051
19	12	1.1976217208
19	4	0.932788557815
19	7	1.68735244503
19	8	1.96995935785
27	25	0.904012714532
27	13	1.76364690038
27	12	1.21798178388
27	23	2.15532343113
27	33	2.33268779133
27	32	1.48487066284
27	31	1.2073299541
27	19	1.80799092144
27	4	0.95314862089
27	7	1.89004100759
27	8	1.80799092144
4	27	2.16592335526
4	22	2.45668688894
4	23	3.37327617387
4	33	5.26657459124
4	32	1.60885240866
4	31	1.09530773155
4	40	1.09530773155
4	19	1.09530773155
4	12	4.51652558275
4	7	2.08900031516
4	8	1.09530773155
7	25	1.41855799284
7	13	2.27819217869
7	12	3.1911550581
7	22	1.93560792398
7	23	1.94055471147
7	33	2.11791907168
7	32	1.27010194319
7	31	0.992561234444
7	19	1.59322220179
7	27	1.56986682855
7	4	1.83235089818
7	8	1.59322220179
8	25	0.518995652478
8	27	1.76427548513
8	23	1.04099237111
8	33	1.5830137303
8	32	1.28218210027
8	31	1.36929839051
8	19	1.96995935785
8	4	0.932788557815
8	7	1.68735244503
