11	16	4.13327991396
11	30	1.55922193895
11	2	4.36277214249
11	5	1.09167363605
11	7	0.990536750092
11	6	1.36872173419
10	16	2.16191525195
10	2	2.20907898099
10	26	1.71858465708
10	7	2.1187565794
10	6	1.58529906605
26	11	2.13075868923
26	12	3.14488313836
26	16	3.8731780243
26	30	5.49267553754
26	36	1.32821623069
26	2	1.42141822936
26	5	3.80250320709
26	4	2.73921816781
26	7	2.31771588696
26	6	2.93190483942
26	9	1.18022463803
26	8	9.10826789911
12	16	0.258002797515
12	30	0.236543815354
12	5	1.04529500888
12	4	5.81652195327
12	7	0.708154154562
12	6	1.14001460754
16	11	4.37221448368
16	10	4.47669156156
16	26	2.57171873255
16	12	1.01045494507
16	30	4.50589381005
16	2	8.34973954165
16	5	2.16138504339
16	4	3.46837049748
16	7	3.46520068447
16	6	5.04470760326
16	9	3.23935193299
16	8	5.0219016803
30	11	2.18569952449
30	26	6.7667012555
30	16	5.44042232434
30	2	3.06364009115
30	5	2.34514057757
30	4	1.46418403778
30	7	1.27868572528
30	6	3.22284964305
30	9	0.688179974822
30	8	6.11729971192
36	11	0.827677473657
36	10	1.66146854949
36	26	0.303481218964
36	12	0.74783092586
36	16	1.16514428169
36	2	0.246990044403
36	5	1.71643252469
36	4	1.74711848235
36	7	1.37929167037
36	6	1.13551359426
2	11	6.92980809791
2	26	1.71874632537
2	12	1.92709206391
2	16	8.48989893349
2	30	3.18091346615
2	36	0.475082155204
2	5	3.13169763109
2	4	7.72059607599
2	7	6.56977979718
2	6	3.35507026037
2	9	1.96804705795
2	8	1.8736363415
5	26	8.01424014905
5	12	1.1117744075
5	16	1.47541229445
5	30	3.82422380565
5	36	2.03003499215
5	2	0.846937494404
5	4	3.62336542878
5	6	1.26345310753
5	9	1.15272940155
5	8	2.15228968203
4	11	1.79321534921
4	10	2.08002092657
4	26	2.7813225593
4	12	2.98966829784
4	16	2.80632068632
4	30	1.50856220774
4	36	1.17300139016
4	2	12.2059133582
4	5	2.91797436861
4	7	1.25085854898
4	6	2.95901849838
4	9	1.57199529597
4	8	1.11292758054
7	10	1.83468299184
7	12	0.685041399849
7	16	0.866350787312
7	2	4.74241300563
7	4	1.50200045686
7	6	1.93069109682
6	11	1.13882067206
6	10	1.97261174789
6	26	2.62023791174
6	16	4.39354347192
6	30	3.27811349282
6	36	1.11926768035
6	2	7.30428772391
6	5	2.39223272207
6	4	2.78757567871
6	7	2.05509186775
6	8	2.88247886562
9	26	0.229988932837
9	16	2.4966045226
9	36	0.680956726947
9	2	1.08514025573
9	7	2.81810284904
9	8	1.71485391426
8	11	1.61944905781
8	26	3.1008662975
8	16	5.05650035716
8	30	5.94668387245
8	2	1.76807562651
8	5	1.23190461242
8	6	4.47988417127
8	9	3.22151399947
