24	11	0.633405073388
24	10	1.10435628524
24	13	1.9874233655
24	21	4.909349951
24	19	0.596199763622
24	28	2.06310325202
24	26	6.10536872349
24	2	4.21837963877
24	5	3.47449746987
24	4	4.7639293535
24	7	2.07306756114
10	11	4.25856954294
10	13	0.689718348839
10	21	2.2066924073
10	22	4.26096240678
10	19	2.03342223931
10	28	2.1703507624
10	26	1.83673224612
10	2	4.69028414814
10	5	0.664488988419
10	4	6.98414129602
10	7	2.28766600927
10	8	5.1634290312
13	24	1.76777772606
13	26	1.18519163834
13	21	0.225176834214
13	22	1.00314733727
13	19	0.470239134074
13	28	0.78949615666
13	2	0.574502050057
13	4	0.444413235699
13	8	1.35862846322
21	24	4.86703027756
21	10	6.50159416943
21	13	0.584831299707
21	19	1.74620669068
21	28	2.61244921174
21	26	7.01937168219
21	2	3.67375460156
21	4	11.0728097351
21	7	3.27674995708
21	8	3.78224248564
22	10	5.10932328624
22	26	1.9805308092
22	21	3.80911896629
22	19	0.353935807486
22	28	1.40250682803
22	2	4.83408271121
22	4	4.39301236675
22	7	2.06680757337
19	11	1.41282695351
19	10	1.647774197
19	21	1.07688387502
19	22	0.943211880627
19	28	1.45887469797
19	2	0.879223592389
19	4	2.20776277395
19	7	0.793200478011
19	8	1.29869300658
28	24	1.36223032941
28	10	2.88944328353
28	13	1.03758287145
28	21	0.859924965629
28	22	1.82022396818
28	19	0.922658766
28	26	3.14991473505
28	5	2.15999997684
28	4	3.08477486149
28	7	1.30555556658
28	8	2.90501909208
26	24	5.51621042409
26	10	2.12055389201
26	13	1.54499297634
26	21	8.6604750501
26	22	1.59832007512
26	28	2.7146438598
26	2	2.68197825269
26	5	4.67302357611
26	4	7.23875495618
26	7	2.54227966943
26	8	3.23010069749
2	24	5.54332408305
2	10	4.70026654381
2	13	1.02512113683
2	21	3.03540522489
2	22	6.3659747208
2	19	1.27485403037
2	26	2.40813900248
2	5	5.06479423406
2	4	6.53655461719
2	7	1.29309383197
2	8	3.62187135543
5	24	4.56494289536
5	10	0.25764386583
5	26	5.80564180253
5	19	0.843458341145
5	28	3.22200432698
5	4	3.91721693409
5	7	1.7733406402
4	24	2.51174364836
4	10	10.1631480234
4	13	0.964472162847
4	21	11.9625281948
4	22	7.08831521365
4	19	4.3137895477
4	28	3.72140407283
4	26	3.57011405605
4	2	6.60599445756
4	7	2.74474832277
4	11	3.80400935899
4	8	8.17311033755
7	10	1.00852505231
7	26	0.979317066596
7	21	2.62557672419
7	22	2.12724773083
7	19	0.811350060799
7	28	1.13060708338
7	2	1.46259847525
7	4	2.4801561267
7	8	2.1180718578
11	19	1.44911392987
11	10	2.81523748007
11	26	0.469434469861
8	10	6.04165778657
8	26	1.27190881413
8	21	3.46515397019
8	19	3.47421230169
8	28	1.60552733041
8	2	2.30217572126
8	4	4.96068986811
8	7	1.3581855783
