24	10	2
24	13	1
24	20	3
24	22	1
24	4	1
24	7	1
24	9	1
24	8	1
10	20	5
10	22	2
10	23	2
10	19	4
10	18	7
10	4	1
10	7	7
10	6	10
10	9	2
10	8	2
13	9	1
20	10	1
20	22	1
20	19	1
20	4	2
20	7	5
20	6	1
20	9	3
20	8	8
22	9	1
22	4	3
22	7	3
23	24	1
23	10	1
23	22	1
23	18	4
23	1	2
23	4	3
23	7	1
23	6	7
23	8	1
19	10	1
19	4	1
19	7	1
18	10	7
18	22	1
18	23	1
18	4	2
18	7	1
18	6	5
1	9	1
1	4	1
4	24	1
4	10	5
4	20	9
4	22	1
4	23	1
4	18	2
4	7	2
4	6	8
4	9	1
7	10	10
7	20	2
7	23	1
7	19	2
7	18	1
7	4	1
7	6	3
7	9	3
7	8	1
6	10	11
6	20	1
6	22	2
6	23	2
6	19	2
6	18	7
6	4	4
6	7	9
6	9	2
6	8	3
9	10	3
9	22	2
9	4	1
9	7	4
9	6	2
9	8	2
8	10	1
8	20	1
8	19	1
8	18	1
8	7	2
8	6	1
8	9	1
