24	10	0.121382304101
24	13	0.557903051901
24	20	1.40868423127
24	22	0.514120633203
24	4	0.731149518755
24	7	0.465211118826
24	9	0.394200925503
24	8	-0.308175598035
10	20	7.3051954442
10	22	0.13715400366
10	23	0.544083025368
10	19	0.180936422359
10	18	0.180936422359
10	4	2.76868608395
10	7	2.50274768402
10	6	10.8613017052
10	9	2.47253328474
10	8	2.10709927313
13	9	0.472301746541
20	10	8.82471383766
20	22	1.28494774148
20	19	0.195515242286
20	4	4.71275222774
20	7	2.18038399202
20	6	2.22869528195
20	9	1.54276633975
20	8	3.86229626394
22	9	0.893978983399
22	4	0.138508452794
22	7	0.628046664797
23	24	0.844922647127
23	10	-0.0514808464621
23	22	0.341257482639
23	18	0.910851566245
23	1	0.285944417228
23	4	0.936024674157
23	7	1.04782458019
23	6	-0.792555659708
23	8	0.274437863332
19	10	-0.0741207527757
19	4	0.346777308895
19	7	0.647446367914
18	10	-0.0741207527757
18	22	0.696355882291
18	23	0.873619956974
18	4	0.346777308895
18	7	0.647446367914
18	6	-1.19293387199
1	9	0.494941652855
1	4	0.0764136341758
4	24	0.836119753915
4	10	2.502292814
4	20	2.54910225837
4	22	0.102789642404
4	23	1.07632612306
4	18	0.146572061102
4	7	2.09064501679
4	6	6.67181597831
4	9	0.171739087688
7	10	2.10646581705
7	20	1.02006034353
7	23	-0.0749774858179
7	19	0.317352523105
7	18	0.317352523105
7	4	1.7718872668
7	6	2.12086761574
7	9	0.909127008639
7	8	0.165954691059
6	10	10.3032020217
6	20	4.68393687661
6	22	0.348932730815
6	23	0.566992599539
6	19	0.20384599653
6	18	0.20384599653
6	4	5.81350210584
6	7	3.09226471714
6	9	2.49544285891
6	8	4.77417698905
9	10	2.49584227721
9	22	0.77022412946
9	4	0.272572197121
9	7	1.32871786807
9	6	-0.51166237183
9	8	-0.20014546072
8	10	2.62308875054
8	20	4.55858972474
8	19	0.26736799764
8	18	0.26736799764
8	7	1.26709518842
8	6	1.50427563133
8	9	1.23688078914
