11	5	1
20	9	4
20	3	7
20	28	4
20	6	4
21	1	1
21	3	3
21	17	1
21	6	3
17	11	1
17	23	1
17	28	1
17	1	2
17	2	3
17	6	1
17	8	2
23	20	1
23	28	4
23	2	5
23	5	1
23	6	1
23	9	1
23	8	3
28	20	3
28	21	1
28	17	1
28	23	6
28	3	4
28	2	1
28	6	5
28	9	3
28	8	2
1	9	2
1	8	1
1	3	2
1	28	1
1	23	7
3	20	10
3	17	1
3	23	1
3	28	2
3	5	3
3	6	1
3	9	2
3	8	1
2	17	1
2	23	4
2	28	1
2	1	2
2	6	1
2	9	2
5	11	1
5	3	2
5	28	1
5	23	1
6	20	3
6	21	1
6	17	1
6	23	1
6	28	3
6	3	1
6	9	6
6	8	3
9	28	3
9	20	1
9	21	1
9	17	1
9	23	1
8	11	1
8	20	1
8	23	4
8	28	1
8	3	2
8	2	2
8	6	4
8	9	1
