11	24	1
11	25	1
11	27	1
11	15	7
11	16	2
11	35	3
11	3	1
11	4	9
25	24	1
25	16	5
25	44	8
25	35	3
25	3	2
25	2	12
27	11	3
27	14	2
27	16	1
27	35	1
27	3	2
27	4	3
15	11	4
15	24	3
15	27	7
15	14	1
15	16	7
15	44	3
15	35	8
15	3	4
15	2	3
15	4	6
15	9	1
14	24	1
14	15	4
16	11	2
16	25	2
16	27	4
16	15	4
16	14	1
16	44	5
16	35	6
16	3	5
16	2	4
16	4	6
16	24	1
44	11	3
44	25	8
44	27	1
44	15	2
44	16	4
44	35	7
44	2	6
44	4	1
35	11	6
35	25	2
35	27	1
35	15	7
35	16	4
35	44	5
35	3	1
35	4	5
35	24	2
3	11	3
3	25	2
3	27	2
3	15	3
3	14	2
3	16	3
3	2	8
3	4	1
3	7	2
3	24	4
2	11	1
2	25	15
2	27	1
2	15	5
2	16	5
2	44	3
2	35	2
2	3	10
2	4	1
2	24	2
4	11	3
4	25	1
4	27	1
4	15	4
4	14	2
4	16	2
4	44	3
4	35	3
4	3	3
4	2	2
4	24	2
7	3	1
7	14	1
24	11	2
24	27	3
24	15	4
24	14	1
24	16	1
24	35	3
24	4	3
9	24	1
9	15	2
