24	10	5
24	21	5
24	17	1
24	22	2
24	28	7
24	41	2
24	2	4
24	4	1
24	7	2
24	6	11
24	14	1
10	24	2
10	21	4
10	17	5
10	22	4
10	28	10
10	2	7
10	4	3
10	7	11
10	6	1
10	14	3
13	2	2
13	4	1
13	7	1
21	24	7
21	10	7
21	17	1
21	2	3
21	4	1
21	7	1
21	6	2
17	24	1
17	10	2
17	21	2
17	22	1
17	28	5
17	4	3
17	7	5
17	6	3
22	24	1
22	10	4
22	17	1
22	28	2
22	4	1
22	7	1
28	24	3
28	10	14
28	21	3
28	17	3
28	22	1
28	2	2
28	4	4
28	7	9
28	6	5
28	14	1
41	24	1
41	10	2
41	28	1
41	22	4
41	6	1
2	24	4
2	10	1
2	14	1
2	17	1
2	28	2
2	7	6
2	6	1
4	24	2
4	10	4
4	21	1
4	22	2
4	28	4
4	41	1
4	17	3
4	6	6
7	10	8
7	13	1
7	21	2
7	22	3
7	28	3
7	2	2
7	17	3
6	24	13
6	10	3
6	21	2
6	17	3
6	28	3
6	41	2
6	4	9
14	10	1
14	13	3
14	17	1
14	7	1
