24	10	1
24	17	1
24	22	2
24	16	2
24	29	4
24	1	2
24	25	10
24	6	9
10	25	6
10	17	2
10	22	1
10	16	5
10	29	4
10	2	12
10	6	1
22	24	2
22	10	3
22	16	2
22	29	4
22	25	1
22	6	1
17	24	3
17	10	8
17	22	1
17	16	3
17	19	1
17	29	6
17	34	6
17	1	2
17	2	8
17	25	4
17	6	13
16	24	3
16	10	7
16	17	2
16	29	1
16	34	7
16	1	1
16	2	6
16	6	4
16	11	1
19	24	1
29	24	3
29	10	5
29	17	1
29	22	3
29	16	2
29	34	2
29	2	3
29	25	3
29	6	6
34	24	1
34	10	1
34	22	2
34	17	12
34	16	8
34	29	5
34	1	5
34	2	5
34	25	3
34	6	13
1	24	1
1	25	1
1	17	6
1	22	2
1	16	1
1	19	1
1	29	1
1	34	7
1	2	1
1	6	16
2	24	2
2	10	10
2	17	3
2	22	1
2	16	3
2	19	1
2	29	1
2	34	6
2	1	3
2	6	1
25	24	8
25	10	1
25	17	5
25	22	3
25	16	4
25	29	1
25	6	1
25	11	2
6	24	15
6	25	6
6	17	7
6	22	2
6	16	2
6	29	1
6	34	11
6	1	16
11	25	2
11	29	1
