10	26	3
10	38	5
10	21	3
10	18	4
10	44	3
10	5	4
10	4	4
10	7	1
10	14	3
26	10	2
26	38	1
26	21	2
26	23	2
26	19	6
26	18	1
26	44	10
26	1	4
26	5	2
26	4	2
26	7	2
26	14	2
38	10	2
38	26	3
38	21	3
38	23	1
38	18	2
38	4	1
38	7	3
21	10	3
21	26	4
21	38	3
21	14	1
21	23	3
21	19	1
21	18	4
21	44	7
21	4	5
21	7	2
23	10	5
23	26	1
23	38	1
23	21	4
23	18	3
23	44	1
23	5	3
23	4	4
23	7	3
23	14	1
19	10	1
19	26	2
19	14	3
19	44	2
19	4	1
19	7	3
18	10	11
18	38	2
18	21	3
18	23	8
18	19	1
18	44	3
18	35	1
18	1	1
18	5	2
18	7	2
18	14	6
44	10	3
44	26	5
44	38	6
44	21	3
44	23	2
44	19	3
44	18	7
44	35	1
44	1	2
44	5	3
44	4	3
44	7	2
44	14	5
35	18	1
35	5	1
35	14	1
1	19	1
1	18	1
1	44	1
1	35	1
1	5	9
1	4	4
1	7	2
5	10	1
5	26	1
5	21	4
5	23	1
5	18	14
5	44	8
5	1	1
5	4	4
5	7	2
4	10	4
4	26	10
4	38	2
4	21	1
4	23	3
4	19	1
4	18	1
4	44	3
4	1	7
4	5	5
4	7	3
4	14	2
7	10	2
7	26	4
7	38	2
7	21	4
7	23	1
7	19	1
7	18	1
7	44	3
7	5	1
7	4	4
7	14	1
14	10	2
14	26	4
14	21	1
14	19	2
14	18	3
14	44	7
14	5	1
14	4	2
14	7	3
