11	15	2
11	14	2
11	17	2
11	19	1
11	18	12
11	3	2
11	5	10
11	4	11
11	6	3
11	9	8
15	11	2
15	14	8
15	17	1
15	18	21
15	28	4
15	1	3
15	3	21
15	5	7
15	4	1
15	6	3
14	11	7
14	15	11
14	17	4
14	18	15
14	28	5
14	1	1
14	3	14
14	5	7
14	4	8
14	6	15
14	9	3
14	20	2
17	11	1
17	20	2
17	5	3
17	4	1
17	6	17
19	9	2
19	4	1
19	14	1
19	6	2
18	11	22
18	15	6
18	14	11
18	28	3
18	1	4
18	3	9
18	5	18
18	4	6
18	6	1
18	9	6
18	20	2
28	11	1
28	15	5
28	14	2
28	19	1
28	18	2
28	3	1
28	4	1
1	15	6
1	14	4
1	18	4
1	3	5
1	4	1
1	6	1
1	9	1
1	20	1
3	11	2
3	15	15
3	14	16
3	17	2
3	19	2
3	18	9
3	1	8
3	5	1
3	4	4
3	6	21
3	9	3
5	11	20
5	15	5
5	14	9
5	17	2
5	18	11
5	3	2
5	4	5
5	6	3
5	9	1
5	20	1
4	11	6
4	15	6
4	14	14
4	17	1
4	19	1
4	18	8
4	3	9
4	5	4
4	6	19
4	9	1
6	11	4
6	15	6
6	14	12
6	17	15
6	19	6
6	18	1
6	1	1
6	3	8
6	5	2
6	4	26
6	9	3
6	20	5
9	11	8
9	17	2
9	19	1
9	18	1
9	3	1
9	5	1
9	4	2
9	6	2
20	9	1
20	3	3
20	14	2
20	17	1
20	6	5
