24	10	6
24	25	1
24	42	1
24	88	1
24	35	3
24	3	5
24	2	4
24	4	9
24	7	2
10	24	5
10	25	1
10	18	5
10	42	1
10	88	1
10	35	1
10	3	2
10	2	1
10	4	8
10	7	5
10	6	4
25	18	1
25	42	3
25	88	3
25	3	4
25	2	2
25	4	3
25	7	4
19	7	1
18	25	3
18	88	2
18	42	5
18	4	1
18	8	1
42	19	1
42	10	4
42	6	1
42	4	5
42	18	3
88	24	1
88	10	2
88	25	1
88	18	3
88	42	1
88	3	1
88	7	1
35	24	3
35	10	2
35	6	2
35	4	4
35	18	1
3	24	5
3	10	1
3	25	7
3	18	3
3	35	1
3	88	2
3	2	5
3	4	1
3	7	1
3	6	1
2	24	1
2	10	4
2	25	5
2	18	1
2	88	3
2	35	2
2	3	2
2	4	2
2	7	3
2	6	4
4	24	8
4	10	8
4	18	3
4	42	6
4	88	5
4	35	2
4	3	3
4	2	3
4	6	2
7	24	1
7	10	3
7	25	1
7	88	1
7	3	2
7	2	4
6	10	1
6	25	1
6	42	2
6	35	2
6	3	2
6	2	5
6	4	2
6	8	2
8	18	1
8	3	1
