11	25	1
11	42	1
11	20	2
11	17	3
11	7	4
25	11	3
25	15	2
25	14	1
25	17	3
25	30	2
25	42	2
25	1	1
25	3	1
25	5	2
25	7	1
25	6	1
25	20	1
15	25	1
15	14	4
15	17	7
15	30	3
15	42	9
15	3	3
15	5	3
15	7	2
15	6	1
14	20	1
14	17	2
14	30	1
14	42	3
14	7	3
14	15	3
17	11	1
17	25	2
17	15	4
17	14	2
17	42	8
17	3	14
17	5	1
17	7	3
17	20	2
30	11	1
30	25	1
30	15	9
30	14	2
30	42	2
30	3	4
30	5	5
30	6	2
30	20	7
42	25	3
42	15	3
42	14	1
42	17	10
42	30	2
42	3	3
42	5	3
42	7	4
42	20	3
1	11	2
1	25	3
1	15	1
1	17	2
1	30	1
1	3	3
3	25	2
3	20	8
3	14	3
3	17	14
3	30	1
3	42	4
3	1	1
3	7	1
3	6	2
3	15	5
5	42	2
5	30	3
5	15	8
5	14	1
5	17	1
7	11	2
7	15	1
7	17	5
7	42	3
7	3	1
7	5	1
7	6	1
6	11	2
6	25	1
6	20	2
6	30	1
6	3	1
6	15	1
20	11	4
20	25	5
20	17	4
20	30	12
20	42	2
20	1	2
20	3	8
