24	10	1
24	26	7
24	21	3
24	1	4
24	5	5
24	4	3
24	7	4
10	21	3
10	22	2
10	19	6
10	28	3
10	5	1
10	4	8
10	7	3
10	8	3
26	24	6
26	10	1
26	21	12
26	28	9
26	1	4
26	4	1
26	7	5
21	24	8
21	10	6
21	26	2
21	22	2
21	28	17
21	1	1
21	5	1
21	4	2
21	7	4
22	24	1
22	10	2
22	26	1
22	21	2
22	19	4
22	28	2
22	5	2
22	4	2
22	7	4
19	10	2
19	21	1
19	22	2
19	28	2
19	5	1
19	4	3
19	7	3
19	8	1
28	10	7
28	26	5
28	21	3
28	22	1
28	1	1
28	4	8
28	7	1
28	8	1
1	24	2
1	10	1
1	26	2
1	21	1
1	22	1
1	19	1
1	5	2
5	24	1
5	10	2
5	26	4
5	21	3
5	22	4
5	1	1
5	4	1
5	7	1
5	8	1
4	24	1
4	10	7
4	26	2
4	21	5
4	22	4
4	19	4
4	28	2
7	24	1
7	10	3
7	26	2
7	21	2
7	22	5
7	28	1
7	1	2
7	5	3
7	4	3
8	24	1
8	10	1
8	21	1
8	7	1
