11	22	1
11	17	2
11	55	5
11	29	1
11	5	1
11	9	2
11	8	3
10	11	4
10	21	1
10	22	5
10	23	7
10	55	5
10	5	9
10	17	2
10	7	5
10	9	2
10	8	6
21	11	5
21	10	2
21	22	7
21	23	1
21	55	5
21	1	5
21	5	4
21	9	3
21	8	2
22	10	6
22	21	3
22	17	1
22	23	10
22	29	1
22	1	5
22	5	2
22	9	1
22	8	9
23	11	1
23	10	9
23	17	1
23	22	5
23	29	2
23	1	1
23	5	4
23	7	7
23	9	1
23	8	2
55	11	7
55	10	3
55	21	6
55	23	2
55	1	6
55	5	2
55	9	2
55	8	2
29	23	1
1	11	4
1	10	1
1	21	2
1	22	4
1	23	1
1	55	2
1	17	2
1	7	2
1	9	2
5	11	2
5	10	13
5	21	2
5	22	3
5	23	3
5	55	10
5	17	1
5	7	3
5	9	2
5	8	3
17	11	1
17	8	1
17	55	1
17	10	3
7	10	5
7	22	2
7	23	1
7	5	2
7	9	1
7	8	1
9	11	1
9	10	4
9	23	1
9	55	2
9	5	3
9	8	1
8	11	4
8	10	6
8	21	4
8	22	4
8	23	4
8	55	4
8	29	1
8	5	6
8	17	1
8	9	2
