11	24	1
11	20	1
11	22	2
11	18	5
11	42	1
11	7	2
11	6	3
11	15	3
24	11	3
24	26	2
24	15	1
24	18	3
24	31	3
24	7	2
24	6	4
24	20	3
24	95	1
26	11	2
26	24	4
26	20	3
26	10	2
26	31	10
26	42	2
26	7	1
26	6	2
26	15	1
15	11	1
15	24	1
15	20	3
15	22	2
15	42	5
15	7	2
15	95	1
22	11	2
22	15	1
22	18	2
22	31	1
22	28	1
22	7	1
22	6	1
10	42	1
10	22	1
18	11	3
18	24	1
18	26	2
18	22	2
18	28	2
18	31	5
18	42	1
18	7	1
18	6	3
18	95	2
31	11	2
31	10	1
31	26	5
31	20	12
31	18	1
31	42	3
31	6	4
31	95	8
42	11	1
42	24	1
42	26	1
42	20	5
42	22	2
42	18	3
42	31	1
42	28	2
42	7	4
42	6	4
42	15	2
7	11	1
7	24	6
7	15	2
7	18	1
7	42	3
7	20	2
7	28	1
6	11	6
6	24	3
6	26	4
6	15	3
6	18	3
6	31	7
6	42	3
6	7	2
6	20	2
6	95	1
6	28	2
20	11	1
20	24	2
20	26	2
20	15	7
20	22	1
20	28	1
20	31	2
20	42	6
20	7	2
20	6	4
20	95	1
95	11	3
95	24	1
95	26	5
95	20	2
95	31	4
95	42	1
95	7	2
28	11	1
28	18	2
28	20	1
28	7	1
28	6	3
