10	25	1
10	12	2
10	21	3
10	17	1
10	31	3
10	28	1
10	35	1
10	5	2
10	9	4
12	25	4
12	27	2
12	21	6
12	17	7
12	31	4
12	28	14
12	35	3
12	1	4
12	5	15
12	4	7
12	9	6
21	10	7
21	12	11
21	17	2
21	25	30
21	31	5
21	28	22
21	35	13
21	1	1
21	27	4
21	5	5
21	4	8
21	9	1
17	12	8
17	21	2
17	28	5
17	1	1
17	27	3
17	4	2
17	7	2
17	9	3
25	10	2
25	12	1
25	21	21
25	31	3
25	28	21
25	35	19
25	1	3
25	5	2
25	4	7
25	9	5
31	10	1
31	12	1
31	21	6
31	25	6
31	28	8
31	1	2
31	5	13
31	4	4
31	9	4
28	10	3
28	12	8
28	21	26
28	17	6
28	25	22
28	31	9
28	35	13
28	1	1
28	27	7
28	5	6
28	4	12
28	7	4
28	9	5
35	10	4
35	27	1
35	21	19
35	25	12
35	31	3
35	28	11
35	5	1
35	4	1
35	9	2
1	25	3
1	12	4
1	17	2
1	31	2
1	35	1
1	27	1
1	4	7
1	9	2
27	25	1
27	12	3
27	21	3
27	17	7
27	28	3
27	35	2
27	1	1
27	5	3
27	4	3
27	7	2
27	9	7
5	10	3
5	12	14
5	21	6
5	31	11
5	28	7
5	35	4
5	1	1
5	27	4
5	9	17
4	10	1
4	12	8
4	21	7
4	17	1
4	25	9
4	28	16
4	35	4
4	1	5
4	27	3
4	5	2
4	9	2
7	9	1
7	10	2
7	28	1
7	17	1
9	10	3
9	27	2
9	21	4
9	17	1
9	25	2
9	31	3
9	28	5
9	35	1
9	1	1
9	5	17
