11	10	1
11	15	2
11	19	7
11	30	3
11	77	1
11	8	5
11	87	1
10	11	3
10	13	6
10	15	2
10	19	6
10	30	2
10	34	2
10	77	9
10	2	7
10	8	9
10	87	8
13	11	1
13	10	3
13	19	2
13	30	2
13	34	6
13	77	9
13	2	1
13	9	1
13	87	10
15	10	1
15	2	2
15	87	1
15	30	4
19	11	6
19	10	5
19	13	2
19	15	3
19	30	5
19	34	1
19	77	1
19	24	2
19	8	12
19	20	4
19	87	5
30	11	2
30	10	2
30	13	2
30	20	1
30	19	3
30	77	2
30	2	2
30	9	1
30	8	3
30	87	2
34	11	6
34	15	2
34	19	2
34	77	1
34	8	2
34	87	6
77	10	11
77	13	2
77	30	3
77	34	2
77	2	7
77	9	1
77	8	8
77	87	1
2	11	2
2	10	6
2	13	1
2	15	2
2	30	1
2	77	1
2	24	1
2	8	3
24	19	1
24	77	1
24	9	1
9	24	1
9	10	1
9	2	1
9	20	1
9	87	1
8	11	3
8	10	8
8	13	5
8	15	2
8	19	13
8	30	5
8	77	7
8	2	10
8	20	2
8	87	10
20	11	1
20	10	1
20	30	1
20	19	4
87	10	7
87	13	9
87	19	8
87	30	1
87	34	5
87	2	1
87	8	14
