11	10	1
11	20	4
11	18	1
11	29	2
11	6	5
11	9	2
10	11	1
10	20	5
10	14	3
10	19	2
10	18	5
10	30	2
10	29	3
10	1	1
10	3	6
10	5	1
10	6	4
10	9	4
20	11	5
20	10	6
20	14	2
20	18	4
20	29	1
20	1	7
20	3	3
20	5	6
20	7	1
20	6	6
20	9	1
14	11	1
14	10	2
14	20	1
14	18	3
14	29	1
14	1	3
14	3	9
14	5	3
14	9	2
19	10	1
19	20	1
19	18	3
19	30	1
19	5	1
19	6	3
18	11	2
18	10	8
18	20	5
18	14	6
18	19	3
18	30	5
18	29	3
18	1	3
18	3	9
18	5	4
18	6	4
18	9	1
30	19	3
30	10	1
30	3	3
30	5	2
30	18	2
29	11	2
29	10	4
29	14	10
29	18	3
29	1	2
29	3	13
29	5	6
29	6	1
29	9	1
1	20	1
1	14	2
1	18	3
1	29	2
1	3	17
1	5	12
1	9	5
3	11	2
3	10	5
3	20	3
3	14	6
3	19	3
3	18	12
3	30	2
3	29	12
3	1	10
3	5	20
3	6	4
3	9	1
5	11	3
5	10	2
5	20	18
5	14	1
5	18	7
5	30	1
5	29	7
5	1	1
5	3	20
5	7	1
5	6	2
7	10	1
6	11	4
6	10	3
6	20	4
6	19	1
6	18	5
6	29	6
6	5	3
6	9	4
9	11	4
9	10	2
9	18	3
9	29	2
9	3	1
9	6	5
