11	10	3
11	20	2
11	21	2
11	17	3
11	16	1
11	4	1
11	7	3
10	20	7
10	21	9
10	17	12
10	16	4
10	2	1
10	4	3
10	14	7
13	11	1
13	20	1
13	2	5
13	15	5
13	21	1
15	13	2
15	20	12
15	14	8
15	17	6
15	2	18
15	5	5
14	11	1
14	10	12
14	13	1
14	15	12
14	21	4
14	17	14
14	16	7
14	2	6
14	5	6
14	4	3
14	7	5
14	9	1
14	20	19
17	11	2
17	10	11
17	15	4
17	14	12
17	16	2
17	2	8
17	5	1
17	4	19
17	7	6
17	20	7
17	21	14
16	11	1
16	10	2
16	20	2
16	14	5
16	17	1
16	9	4
16	21	1
2	10	2
2	13	1
2	15	11
2	14	11
2	17	13
2	5	5
2	4	12
2	7	1
2	20	2
5	11	1
5	13	2
5	15	1
5	14	9
5	17	8
5	2	3
5	4	8
5	7	2
5	20	6
5	21	1
4	10	6
4	20	1
4	14	2
4	17	13
4	2	7
4	5	4
4	7	1
4	21	24
7	11	5
7	15	1
7	21	4
7	17	3
7	5	1
7	4	1
7	20	2
9	16	1
20	11	2
20	10	1
20	15	11
20	14	22
20	17	4
20	16	4
20	5	4
20	7	4
20	21	2
21	11	3
21	10	11
21	20	2
21	14	3
21	17	10
21	16	1
21	2	4
21	5	5
21	4	16
21	7	2
