25	3	1
25	20	1
25	4	1
20	15	1
20	22	2
20	23	9
20	19	2
20	3	1
20	2	4
20	5	1
20	4	1
20	7	6
20	8	4
22	20	1
22	23	1
22	19	6
22	2	11
22	5	1
22	4	1
22	7	1
23	20	5
23	19	4
23	15	1
23	1	1
23	3	2
23	2	1
23	4	1
23	7	2
23	9	3
23	8	2
19	20	6
19	22	5
19	23	5
19	3	4
19	2	5
19	5	3
19	4	7
19	9	2
19	8	4
15	20	1
15	2	2
15	5	1
15	4	1
15	7	5
1	22	1
1	23	1
1	3	11
1	5	11
1	4	1
1	9	1
1	8	1
3	25	1
3	20	3
3	22	1
3	23	2
3	19	4
3	1	6
3	5	11
3	4	8
3	9	2
3	8	3
2	20	2
2	22	9
2	19	2
2	15	3
2	1	1
2	5	7
2	4	2
2	7	1
2	8	3
5	20	1
5	22	5
5	23	1
5	19	7
5	15	2
5	1	9
5	3	4
5	2	6
5	4	9
5	7	2
5	9	1
5	8	7
4	20	6
4	22	1
4	23	4
4	19	6
4	1	2
4	3	7
4	2	7
4	5	9
4	7	2
4	9	1
4	15	2
7	25	1
7	20	3
7	22	1
7	23	2
7	15	2
7	2	4
7	5	2
7	4	5
7	8	2
9	20	1
9	22	1
9	23	1
9	19	2
9	2	1
9	7	2
9	8	3
8	20	5
8	22	2
8	23	4
8	19	6
8	3	6
8	2	1
8	5	6
8	4	3
8	7	1
8	9	2
