11	24	1
11	12	2
11	15	1
11	14	2
11	17	8
11	16	1
11	33	1
11	18	1
11	34	6
11	19	4
11	3	1
11	6	1
24	11	2
24	15	2
24	14	1
24	17	1
24	16	5
24	33	2
24	19	4
24	6	1
12	11	4
12	15	1
15	11	1
15	19	2
15	34	1
15	4	1
15	24	1
14	11	2
14	18	1
14	17	2
14	16	2
17	11	3
17	14	3
17	19	3
17	18	2
17	34	1
17	4	1
17	6	3
16	24	2
16	14	2
16	17	1
16	33	1
16	18	1
16	19	2
16	4	2
33	11	2
33	12	5
33	14	2
33	17	3
33	16	2
33	18	1
33	4	1
18	33	2
18	11	6
18	14	1
18	17	7
18	6	2
34	11	3
34	24	2
34	14	1
34	17	4
34	19	5
34	18	1
34	3	1
34	4	2
34	6	4
19	11	4
19	24	1
19	12	1
19	15	1
19	14	2
19	17	3
19	16	3
19	18	1
19	34	4
19	3	1
19	4	2
19	6	2
3	11	2
3	12	1
3	34	1
4	24	3
4	15	1
4	33	1
4	18	1
4	19	3
4	6	2
6	11	1
6	24	2
6	15	1
6	17	2
6	16	1
6	33	2
6	18	5
6	19	1
