11	8	2
11	15	4
11	21	1
11	10	2
10	11	2
10	12	3
10	15	1
10	21	3
10	23	1
10	19	5
10	20	1
10	8	6
13	10	3
13	12	12
13	20	8
13	21	5
13	23	2
13	19	9
13	1	4
13	27	1
13	2	10
13	9	1
13	8	9
12	10	5
12	13	19
12	15	2
12	21	7
12	19	6
12	20	11
12	2	4
12	8	9
15	11	2
15	10	6
15	12	2
15	20	2
15	21	3
15	23	5
15	19	10
15	1	1
15	8	9
21	11	1
21	10	1
21	13	19
21	12	10
21	15	7
21	23	4
21	19	6
21	20	5
21	1	2
21	2	4
21	8	9
23	10	1
23	13	1
23	12	4
23	15	5
23	21	6
23	19	3
23	20	1
23	1	4
23	2	10
23	8	3
19	11	2
19	10	4
19	13	9
19	12	9
19	20	4
19	21	2
19	23	1
19	15	10
19	8	8
20	11	1
20	10	2
20	13	9
20	12	9
20	21	2
20	19	6
20	2	1
20	8	1
1	11	1
1	13	4
1	15	1
1	21	2
1	23	5
1	19	1
1	20	1
1	2	9
1	8	3
27	8	1
27	21	1
2	13	6
2	12	5
2	15	2
2	21	10
2	23	7
2	19	1
2	20	2
2	1	3
2	27	1
2	8	5
9	19	1
9	27	1
8	11	3
8	10	2
8	13	8
8	12	8
8	15	10
8	21	12
8	23	4
8	19	8
8	2	5
8	20	5
