24	9	1
24	5	1
24	14	1
24	22	2
24	21	2
10	14	2
10	22	3
10	18	4
10	2	2
10	5	1
10	4	3
10	9	7
10	8	2
10	21	3
12	11	1
12	8	1
14	10	1
14	21	4
14	22	14
14	18	5
14	2	2
14	5	2
14	4	9
14	9	2
22	10	5
22	14	5
22	2	1
22	9	1
22	8	2
22	21	5
18	11	2
18	10	3
18	21	9
18	22	1
18	2	2
18	4	3
18	8	2
18	17	1
18	14	8
2	10	3
2	14	1
2	18	1
2	5	3
2	4	1
2	9	2
2	8	11
2	21	6
5	24	1
5	10	1
5	12	1
5	14	2
5	22	2
5	2	4
5	4	3
5	9	2
5	8	4
5	17	1
4	24	4
4	10	1
4	14	1
4	22	1
4	18	2
4	5	9
4	17	1
4	9	2
4	21	2
11	18	1
11	12	1
11	14	2
11	17	1
11	21	2
9	11	1
9	10	6
9	21	5
9	22	4
9	2	1
9	4	1
9	8	4
9	17	1
8	11	1
8	10	3
8	12	1
8	21	3
8	22	1
8	18	1
8	2	12
8	17	2
8	9	5
17	18	2
17	21	2
21	11	3
21	10	2
21	14	14
21	22	4
21	18	4
21	2	2
21	4	2
21	9	7
21	8	4
21	17	2
