11	20	1
11	21	2
11	22	2
11	16	1
11	2	1
11	6	2
11	8	2
25	20	9
25	21	1
25	17	2
25	3	7
25	2	6
25	5	2
25	6	17
25	9	2
25	8	6
12	20	1
12	3	8
12	5	10
12	21	5
12	25	1
20	25	8
20	12	1
20	21	8
20	17	3
20	16	1
20	22	5
20	3	4
20	2	7
20	6	6
20	9	3
20	8	4
21	11	1
21	25	1
21	12	1
21	20	3
21	22	3
21	17	2
21	3	2
21	2	1
21	5	9
21	6	8
21	8	8
17	25	1
17	3	2
17	2	9
17	20	6
17	6	2
16	11	1
16	20	1
16	21	1
16	22	1
16	2	1
16	5	1
16	6	3
16	9	4
22	11	6
22	12	1
22	20	5
22	16	2
22	3	6
22	6	6
22	9	1
22	8	5
3	25	5
3	12	2
3	20	2
3	22	4
3	17	2
3	16	1
3	2	21
3	5	17
3	6	9
3	9	1
3	8	3
2	11	3
2	25	5
2	20	9
2	22	2
2	17	14
2	16	1
2	3	9
2	5	2
2	6	7
2	9	2
2	8	5
5	25	5
5	12	3
5	20	3
5	21	16
5	17	2
5	22	5
5	3	13
5	2	1
5	6	6
5	9	1
5	8	5
6	11	3
6	25	14
6	20	4
6	21	4
6	17	6
6	16	1
6	22	6
6	3	11
6	2	10
6	5	9
6	8	6
9	11	1
9	25	2
9	20	1
9	22	1
9	17	1
9	16	3
9	2	2
9	6	2
9	8	1
8	11	1
8	25	8
8	20	5
8	21	4
8	22	3
8	3	1
8	2	8
8	5	2
8	6	4
8	9	2
