11	10	10
11	12	2
11	15	2
11	22	2
11	23	2
11	18	8
11	34	2
11	1	2
11	25	6
11	7	3
10	11	8
10	25	3
10	15	3
10	22	5
10	23	6
10	18	5
10	34	3
10	1	2
10	7	2
12	10	1
12	15	2
12	22	5
12	25	2
12	23	4
12	7	1
12	8	2
15	11	4
15	10	5
15	12	3
15	22	2
15	23	2
15	18	4
15	1	3
15	25	9
15	7	5
15	8	2
22	11	5
22	10	8
22	15	6
22	23	5
22	18	6
22	34	7
22	25	3
22	7	4
23	11	3
23	10	2
23	12	1
23	15	8
23	22	8
23	25	6
23	18	3
23	34	2
23	1	2
23	7	1
23	8	2
18	11	6
18	10	6
18	12	4
18	22	4
18	23	4
18	34	8
18	1	2
18	25	13
18	7	3
34	11	1
34	10	3
34	12	1
34	15	1
34	22	4
34	23	4
34	18	10
34	1	1
34	25	1
34	7	1
1	11	3
1	25	10
1	12	2
1	15	4
1	22	2
1	23	2
1	18	8
1	34	2
1	8	1
27	8	1
25	11	12
25	10	4
25	12	7
25	15	11
25	23	5
25	18	6
25	34	1
25	1	6
25	7	3
7	11	2
7	10	3
7	12	4
7	15	6
7	22	5
7	34	1
8	11	2
8	27	1
8	12	2
8	15	1
