10	25	3
10	13	2
10	22	3
10	16	1
10	19	5
10	42	2
10	33	3
10	62	1
10	8	3
13	10	3
13	22	1
13	19	1
13	42	1
13	33	1
13	62	2
13	8	2
22	19	1
22	8	1
22	3	1
22	33	8
22	7	3
16	13	3
16	22	2
16	19	1
16	33	2
16	62	1
16	7	1
19	25	9
19	13	2
19	22	1
19	10	1
19	33	2
19	16	2
19	42	1
19	62	2
19	5	3
19	8	3
18	5	1
18	7	1
18	22	1
42	10	2
42	13	1
42	25	1
62	10	3
62	22	1
62	19	1
62	3	1
62	5	1
62	8	1
33	10	3
33	13	3
33	22	8
33	16	1
33	19	2
33	42	1
33	62	3
33	3	1
33	25	1
33	7	2
33	8	3
3	19	3
3	33	1
3	13	3
3	16	1
5	8	2
5	13	1
5	7	4
5	25	2
25	10	3
25	13	5
25	16	1
25	19	3
25	42	2
25	62	3
25	5	1
25	8	3
7	8	1
7	13	1
7	18	3
8	10	6
8	22	4
8	25	1
8	19	2
8	62	2
8	33	4
8	3	1
8	7	1
