11	27	1
11	14	6
11	23	4
11	18	5
11	6	8
11	9	5
11	21	4
25	11	1
25	13	1
25	27	1
25	21	13
25	17	1
25	23	3
25	32	1
25	6	9
25	9	3
13	11	5
13	18	1
13	32	5
13	21	2
13	6	1
27	11	3
27	13	2
27	14	10
27	17	13
27	23	8
27	18	29
27	1	8
27	6	13
27	9	1
27	32	1
27	21	1
14	11	7
14	25	1
14	27	11
14	21	21
14	17	7
14	23	5
14	18	14
14	1	1
14	6	21
14	9	6
17	11	3
17	25	3
17	13	2
17	27	14
17	14	7
17	23	3
17	18	2
17	1	6
17	6	8
17	9	2
17	32	1
17	21	9
23	11	2
23	25	5
23	27	6
23	21	8
23	18	6
23	6	6
23	9	1
23	14	13
18	11	9
18	27	17
18	14	11
18	17	1
18	23	13
18	32	1
18	1	2
18	6	20
18	9	5
18	21	1
1	13	1
1	27	10
1	21	5
1	17	2
1	18	6
1	6	3
1	9	2
1	32	1
1	14	3
6	11	8
6	25	14
6	13	5
6	27	11
6	14	19
6	17	9
6	23	8
6	18	8
6	1	1
6	32	2
6	9	11
6	21	10
9	11	7
9	25	1
9	27	2
9	14	1
9	17	2
9	23	2
9	18	8
9	6	1
9	32	1
32	11	2
32	25	1
32	13	1
32	27	3
32	21	1
32	17	4
32	18	1
32	6	4
32	9	1
21	11	1
21	25	7
21	13	1
21	27	5
21	14	20
21	17	19
21	23	4
21	32	1
21	1	2
21	6	15
21	9	1
