11	10	2
11	33	12
11	31	8
11	29	6
11	5	5
11	6	6
11	8	7
11	44	1
10	11	9
10	21	2
10	33	5
10	31	2
10	29	5
10	5	4
10	6	4
10	8	7
10	44	2
21	11	5
21	10	1
21	44	1
21	29	5
21	6	3
21	8	5
22	31	1
22	74	1
22	29	1
22	6	2
33	11	9
33	10	4
33	21	4
33	22	1
33	31	1
33	30	6
33	29	6
33	5	23
33	6	5
33	8	13
33	44	3
31	11	3
31	10	14
31	21	3
31	44	8
31	29	1
31	6	2
31	8	3
30	10	1
30	21	2
30	22	1
30	33	2
30	31	2
30	74	1
30	5	22
30	6	2
30	8	2
30	44	4
29	11	5
29	10	5
29	21	4
29	22	1
29	33	7
29	31	2
29	6	1
29	8	5
29	44	1
74	6	1
5	11	3
5	10	3
5	21	5
5	22	1
5	33	37
5	31	1
5	30	12
5	29	2
5	74	1
5	6	8
5	8	8
5	44	10
6	11	2
6	10	5
6	21	2
6	33	5
6	31	10
6	30	2
6	29	2
6	5	8
6	8	2
6	44	9
8	11	11
8	10	7
8	21	1
8	22	1
8	33	17
8	31	5
8	29	8
8	5	5
8	6	3
8	44	2
44	11	2
44	10	5
44	22	1
44	33	1
44	31	6
44	30	3
44	5	12
44	6	5
44	8	7
