11	10	2
11	26	10
11	14	1
11	23	2
11	99	4
11	3	1
11	5	2
11	7	6
11	90	6
11	92	3
10	11	2
10	90	1
10	92	1
10	5	2
10	99	1
26	11	6
26	10	1
26	23	6
26	16	2
26	99	6
26	7	3
26	90	5
26	92	3
30	11	1
30	3	1
30	16	1
14	11	1
14	16	2
14	3	2
14	5	4
14	7	1
14	90	1
14	92	1
16	11	2
16	26	5
16	23	5
16	99	2
16	3	1
16	5	1
16	90	1
16	92	2
23	11	3
23	26	6
23	16	5
23	99	2
23	3	7
23	5	1
23	7	1
23	90	1
23	92	2
99	11	2
99	10	2
99	26	5
99	5	1
99	7	3
99	90	3
99	92	1
3	11	2
3	14	4
3	23	7
3	16	2
3	99	1
3	5	10
3	90	1
5	11	7
5	10	2
5	26	1
5	14	5
5	23	3
5	99	1
5	3	4
5	7	3
5	90	1
5	92	5
7	11	3
7	26	2
7	14	1
7	99	4
7	3	2
7	5	1
7	90	3
7	92	4
90	11	3
90	99	4
90	92	1
90	5	2
90	7	3
92	11	3
92	10	1
92	26	2
92	14	1
92	99	2
92	5	1
92	7	6
92	90	1
