10	77	11
10	13	2
10	15	3
10	14	10
10	23	5
10	32	6
10	1	2
10	8	3
10	21	11
13	14	3
13	23	5
13	32	1
13	1	2
13	9	1
13	21	15
15	10	5
15	13	2
15	14	8
15	32	1
15	77	1
15	8	2
15	21	9
14	10	11
14	13	1
14	27	3
14	15	8
14	21	14
14	23	6
14	32	7
14	1	1
14	77	7
14	9	8
14	8	3
23	10	7
23	13	9
23	77	3
23	14	1
23	32	3
23	1	3
23	9	5
23	21	2
32	10	7
32	13	1
32	15	1
32	14	3
32	23	3
32	1	2
32	77	9
32	9	2
32	21	1
1	13	4
1	15	1
1	21	5
1	23	4
1	32	3
1	9	4
1	8	1
77	10	6
77	13	1
77	15	2
77	14	7
77	23	5
77	32	5
77	9	7
77	21	2
9	10	2
9	15	3
9	14	2
9	23	1
9	32	7
9	77	4
9	8	3
8	10	1
8	13	1
8	15	2
8	14	3
8	32	2
8	77	1
21	10	8
21	13	5
21	15	10
21	14	20
21	23	2
21	1	1
21	77	2
21	9	4
21	8	3
