11	10	6
11	13	1
11	38	2
11	21	1
11	7	4
10	11	4
10	13	1
10	38	6
10	15	1
10	21	2
10	18	3
10	3	2
10	5	2
10	7	4
10	8	3
13	11	1
13	10	1
13	38	5
13	21	1
13	1	3
13	3	1
13	7	2
13	9	1
13	8	2
38	11	2
38	10	4
38	13	2
38	18	1
38	7	3
38	8	6
15	13	1
21	11	1
21	10	2
21	13	3
21	38	1
21	15	1
21	1	2
21	3	2
21	5	6
21	7	3
21	9	1
18	11	1
18	10	2
18	38	1
18	21	1
18	1	2
18	3	4
18	5	2
18	7	7
18	9	1
18	8	1
1	18	1
1	5	6
1	21	1
3	11	1
3	10	3
3	13	2
3	38	1
3	18	4
3	7	2
3	9	1
3	8	4
5	13	2
5	21	7
5	18	2
5	1	9
5	3	2
5	8	1
7	11	5
7	10	11
7	13	1
7	38	1
7	18	5
7	1	1
7	3	1
7	8	2
9	8	1
9	13	1
9	15	1
9	18	1
8	11	2
8	10	3
8	13	1
8	38	8
8	15	1
8	21	3
8	3	2
8	5	1
8	7	3
