24	20	2
24	17	3
24	16	3
24	33	15
24	36	1
24	9	1
24	8	6
25	20	3
25	16	1
25	36	5
25	34	9
25	9	1
25	8	2
39	20	1
20	24	5
20	25	12
20	39	1
20	17	5
20	16	4
20	19	3
20	36	4
20	34	7
20	33	4
20	9	5
20	8	4
17	24	3
17	20	6
17	16	9
17	19	2
17	36	1
17	1	4
17	33	6
17	9	1
17	8	7
16	24	3
16	25	5
16	20	7
16	17	13
16	33	6
16	36	2
16	34	5
16	8	7
19	1	2
19	24	1
19	20	1
19	33	1
36	24	1
36	25	4
36	20	7
36	16	1
36	34	6
36	1	1
36	9	2
34	24	1
34	25	7
34	20	9
34	17	1
34	16	18
34	19	1
34	36	3
34	1	5
34	9	5
34	8	2
1	9	2
1	33	2
1	34	11
1	17	1
1	16	5
33	24	14
33	25	1
33	20	5
33	16	1
33	19	1
33	36	4
33	34	1
33	9	2
33	8	10
9	24	2
9	25	1
9	20	3
9	33	3
9	36	3
9	8	1
8	24	6
8	25	3
8	20	9
8	17	9
8	16	3
8	33	7
8	36	3
8	34	4
8	9	3
