11	13	2
11	27	1
11	14	1
10	25	12
10	27	3
10	21	6
10	19	4
10	18	3
10	3	12
10	5	5
10	4	3
10	9	2
13	11	1
13	25	2
13	27	3
13	21	3
13	3	1
13	5	1
27	10	2
27	13	2
27	21	9
27	25	3
27	19	7
27	18	21
27	1	6
27	3	24
27	5	16
27	4	24
27	9	3
21	10	22
21	13	3
21	27	9
21	25	11
21	19	2
21	18	2
21	1	5
21	3	20
21	5	20
21	4	18
21	9	4
25	11	1
25	10	6
25	13	1
25	27	1
25	21	9
25	19	4
25	18	5
25	3	2
25	5	4
25	4	2
25	9	6
19	10	3
19	27	10
19	21	2
19	25	2
19	18	4
19	3	7
19	4	3
19	9	1
18	11	2
18	10	3
18	27	23
18	21	4
18	25	3
18	19	6
18	1	2
18	3	17
18	5	3
18	4	6
18	9	1
1	10	1
1	27	3
1	21	3
1	25	1
1	18	4
1	3	4
1	5	7
1	4	5
1	9	1
3	11	1
3	10	18
3	13	1
3	27	20
3	21	28
3	25	10
3	19	13
3	18	17
3	5	14
3	4	16
3	9	3
5	10	8
5	13	2
5	27	5
5	21	31
5	25	5
5	19	1
5	18	1
5	1	3
5	3	24
5	4	31
5	9	2
4	25	2
4	27	31
4	21	13
4	19	4
4	18	16
4	1	2
4	3	20
4	5	27
4	9	3
9	10	2
9	13	1
9	27	1
9	21	3
9	25	5
9	19	3
9	18	1
9	3	1
9	5	3
14	18	1
14	13	1
