11	13	1
11	20	2
11	21	3
11	17	12
11	23	7
11	19	14
11	3	8
11	7	1
11	6	1
11	15	5
10	19	2
10	7	2
10	23	1
15	11	3
15	20	3
15	21	5
15	17	1
15	23	2
15	19	7
21	11	6
21	19	4
21	15	7
21	4	4
21	23	2
17	11	5
17	15	2
17	21	1
17	23	1
17	19	7
17	3	4
17	4	1
17	6	2
17	20	5
23	11	6
23	10	2
23	15	4
23	17	2
23	19	4
23	3	3
23	4	1
23	7	2
23	6	1
23	20	1
19	11	18
19	10	2
19	15	5
19	21	4
19	17	5
19	23	4
19	3	9
19	4	1
19	7	1
19	6	1
19	20	7
1	3	1
1	4	4
1	21	1
1	6	4
3	11	7
3	10	1
3	20	2
3	17	10
3	23	5
3	19	6
3	6	3
4	13	2
4	20	3
4	21	7
4	19	4
4	1	2
4	6	7
4	15	1
7	11	2
7	19	2
7	20	1
7	10	1
7	23	4
6	11	1
6	20	3
6	21	2
6	17	2
6	23	1
6	19	5
6	1	3
6	3	6
6	4	7
6	7	1
20	11	4
20	10	1
20	15	2
20	21	1
20	17	2
20	23	1
20	19	6
20	3	7
20	7	1
20	6	4
