24	25	3
24	23	1
24	18	1
24	35	2
24	2	2
24	7	2
24	6	1
25	24	3
25	15	1
25	66	2
25	23	3
25	18	6
25	42	3
25	2	1
25	4	2
25	7	4
25	6	2
15	24	1
15	88	1
66	24	1
66	25	4
66	23	1
66	42	1
66	2	1
66	4	1
66	7	2
66	6	1
23	24	1
23	25	3
23	66	5
23	18	1
23	42	6
23	2	2
23	4	2
23	7	1
23	6	2
18	24	1
18	25	1
18	15	1
18	23	1
18	88	1
18	7	3
18	6	1
42	25	2
42	23	6
42	18	3
42	35	1
42	2	1
42	6	2
35	24	1
35	25	1
35	23	1
35	18	1
35	42	1
35	88	1
35	4	5
35	7	5
35	6	2
88	18	1
88	25	1
88	23	1
2	25	2
2	7	4
2	23	2
2	18	1
2	4	1
2	66	2
4	24	3
4	25	2
4	15	1
4	23	2
4	18	1
4	42	2
4	35	3
4	2	2
4	66	2
4	6	3
7	24	1
7	25	2
7	23	4
7	18	2
7	2	6
7	4	2
7	6	1
6	25	5
6	23	3
6	18	1
6	42	5
6	35	2
6	4	2
6	66	1
