11	25	1
11	5	1
11	21	1
10	25	5
10	26	4
10	20	9
10	21	2
10	16	1
10	2	8
10	5	4
10	4	1
10	9	2
26	10	4
26	20	1
26	21	1
26	16	5
26	3	12
26	2	4
26	5	14
26	4	7
26	9	3
26	25	3
20	10	5
20	26	2
20	16	1
20	3	2
20	2	12
20	5	5
20	9	1
21	9	1
21	2	4
22	10	1
22	26	2
22	3	6
22	2	2
22	5	2
22	4	7
16	10	4
16	26	2
16	20	3
16	25	7
16	5	7
16	4	2
16	9	1
3	10	2
3	26	8
3	20	1
3	21	2
3	22	4
3	16	1
3	2	29
3	5	5
3	4	31
3	25	3
2	11	1
2	10	5
2	26	3
2	20	11
2	21	5
2	22	3
2	16	2
2	3	17
2	5	2
2	4	17
2	25	6
5	11	2
5	10	2
5	26	13
5	20	3
5	16	13
5	3	10
5	4	18
5	9	7
5	25	11
4	11	1
4	10	3
4	26	4
4	20	3
4	22	5
4	16	1
4	3	29
4	2	4
4	5	35
4	25	8
9	11	1
9	10	3
9	26	1
9	20	1
9	25	1
9	16	1
9	5	2
25	11	3
25	10	4
25	26	7
25	20	3
25	16	9
25	3	1
25	2	3
25	5	8
25	4	2
25	9	2
