13	22	2
13	42	2
13	77	1
13	62	1
13	7	5
13	8	3
20	13	1
14	21	1
14	33	2
14	42	1
14	62	4
14	5	1
14	7	1
14	8	3
22	13	3
22	14	1
22	33	4
22	42	1
22	5	3
22	7	4
22	8	5
22	21	3
16	33	3
16	8	1
16	13	7
16	21	4
16	22	3
33	21	5
33	16	3
33	62	3
33	5	3
33	7	1
33	8	3
33	14	3
42	13	3
42	22	3
42	62	1
42	5	1
42	7	2
42	8	2
77	62	1
62	13	6
62	14	5
62	22	3
62	42	1
62	5	3
62	7	3
62	21	2
5	13	2
5	14	7
5	22	5
5	33	2
5	62	3
5	7	6
5	8	3
7	13	5
7	14	1
7	22	1
7	42	3
7	62	4
7	5	2
7	8	1
8	21	5
8	22	6
8	16	1
8	33	3
8	42	6
8	62	1
8	5	4
8	7	1
8	14	4
21	13	2
21	14	1
21	22	4
21	16	3
21	33	4
21	42	1
21	62	1
21	5	3
21	7	1
21	8	4
