11	24	1
11	12	1
11	17	5
11	23	1
11	19	6
11	2	1
11	4	2
11	7	5
11	9	3
11	8	1
24	11	2
24	10	1
24	12	11
24	14	2
24	17	1
24	23	20
24	19	12
24	2	3
24	4	14
24	7	4
24	9	1
24	8	1
12	11	2
12	24	9
12	14	2
12	17	1
12	23	16
12	19	1
12	2	1
12	4	16
12	7	5
12	9	2
12	8	1
12	10	2
14	12	2
14	17	1
14	4	1
14	7	1
14	23	1
17	11	4
17	24	7
17	12	2
17	23	2
17	19	5
17	1	1
17	2	7
17	4	1
17	8	1
23	11	2
23	24	7
23	12	21
23	14	4
23	17	1
23	19	13
23	2	2
23	4	3
23	7	7
19	11	11
19	24	9
19	12	3
19	14	1
19	17	7
19	23	6
19	2	2
19	4	4
19	7	6
1	11	2
1	24	2
1	12	1
1	17	1
1	23	1
1	2	2
1	4	5
1	7	1
2	11	3
2	24	3
2	14	2
2	17	9
2	19	4
2	1	4
2	4	12
4	11	2
4	24	7
4	12	18
4	17	2
4	23	11
4	19	7
4	1	1
4	2	9
4	7	1
4	9	1
4	8	2
4	10	3
7	11	2
7	24	4
7	12	3
7	17	1
7	23	5
7	19	3
7	4	1
7	9	2
7	10	1
9	11	4
9	8	1
9	12	1
9	7	3
8	11	1
8	24	2
8	17	2
8	4	2
8	7	1
8	9	4
10	24	1
10	12	3
10	4	3
