24	10	3
24	13	5
24	27	3
24	15	2
24	23	1
24	32	6
24	1	1
24	9	4
10	24	3
10	25	3
10	27	5
10	15	7
10	23	4
10	33	2
10	32	4
10	9	8
10	20	1
13	24	3
13	25	2
13	27	3
13	15	5
13	22	3
13	10	1
13	32	1
13	1	1
13	9	7
27	24	4
27	10	5
27	13	4
27	15	4
27	22	6
27	23	4
27	33	1
27	32	2
27	25	1
27	7	2
27	9	6
27	20	2
15	24	2
15	10	9
15	13	1
15	27	6
15	20	1
15	22	2
15	23	12
15	33	12
15	32	3
15	1	1
15	25	1
15	7	1
15	9	8
22	25	3
22	13	2
22	27	3
22	15	1
22	10	1
22	33	2
22	32	1
22	1	1
22	7	1
22	9	3
22	20	4
23	25	3
23	27	4
23	15	7
23	10	8
23	33	8
23	32	4
23	1	1
23	7	1
23	9	7
33	24	1
33	10	5
33	27	6
33	15	7
33	23	11
33	32	17
33	1	4
33	7	1
33	9	5
32	24	5
32	10	3
32	13	2
32	27	2
32	15	3
32	22	8
32	23	3
32	33	16
32	1	6
32	25	2
32	9	5
1	24	4
1	27	2
1	15	1
1	22	1
1	23	3
1	33	5
1	32	2
1	9	3
25	10	2
25	13	2
25	27	5
25	15	1
25	23	1
25	7	2
25	9	3
7	20	1
7	32	2
7	27	1
7	15	2
7	23	1
9	24	3
9	10	10
9	13	10
9	27	3
9	15	9
9	22	4
9	25	5
9	33	6
9	32	1
9	23	6
9	20	3
20	9	2
20	10	1
20	27	2
20	15	2
20	22	3
