24	10	7
24	13	2
24	27	4
24	15	1
24	3	2
24	2	2
24	4	3
24	20	2
10	24	5
10	13	3
10	27	1
10	15	5
10	3	3
10	2	1
10	4	2
10	20	1
13	10	3
13	27	5
13	15	7
13	44	2
13	3	1
13	4	3
13	7	1
13	20	5
27	10	1
27	13	1
27	15	7
27	4	2
27	20	5
15	24	2
15	10	6
15	13	9
15	27	3
15	20	15
15	44	3
15	28	1
15	3	1
15	2	2
15	4	9
15	7	1
25	27	1
44	24	1
44	13	6
44	15	1
44	28	4
44	4	1
44	20	2
28	24	1
28	13	2
28	2	9
28	20	2
28	44	4
3	24	8
3	10	2
3	27	2
3	15	3
3	44	1
3	28	1
3	2	3
3	4	6
3	20	2
2	24	2
2	10	1
2	15	3
2	28	6
2	3	2
2	4	2
2	20	7
4	24	2
4	10	4
4	13	1
4	27	5
4	15	7
4	3	9
4	2	4
4	20	5
7	13	2
20	24	4
20	13	4
20	27	3
20	15	14
20	44	2
20	28	1
20	3	7
20	2	4
20	4	8
