24	27	3
24	14	5
24	17	1
24	23	7
24	32	5
24	30	1
24	5	10
24	7	2
24	9	1
24	8	12
27	24	3
27	14	1
27	17	3
27	23	4
27	32	1
27	5	4
27	7	4
27	9	4
27	8	9
15	14	2
14	24	1
14	27	2
14	17	7
14	23	1
14	32	4
14	5	1
14	9	5
14	8	3
17	27	5
17	14	9
17	32	4
17	5	2
17	7	1
17	9	1
17	8	9
23	24	6
23	27	3
23	14	1
23	30	1
23	5	7
23	4	1
23	7	7
23	9	1
23	8	7
32	24	3
32	27	1
32	14	2
32	17	10
32	23	1
32	30	2
32	5	7
32	7	1
32	8	1
30	24	1
30	27	1
30	17	4
30	23	1
30	32	3
30	8	5
5	24	8
5	27	4
5	17	1
5	23	6
5	32	6
5	30	7
5	7	4
5	8	7
4	8	1
4	5	1
4	7	1
4	20	1
7	24	4
7	27	4
7	23	4
7	32	1
7	4	1
7	9	3
7	8	3
9	24	1
9	27	4
9	14	1
9	17	1
9	23	1
9	5	1
9	8	4
8	24	15
8	27	7
8	15	1
8	14	4
8	17	4
8	23	6
8	32	4
8	5	9
8	4	1
8	7	5
8	9	4
