11	33	3
77	14	4
77	17	4
77	23	5
77	33	3
77	18	3
77	9	3
26	1	1
26	41	1
26	14	1
26	29	2
14	11	1
14	77	6
14	26	2
14	17	6
14	23	7
14	33	2
14	18	4
14	29	9
14	41	6
14	1	2
14	9	4
14	10	1
17	77	5
17	14	3
17	23	4
17	33	5
17	18	12
17	29	4
17	41	4
17	1	1
17	9	2
17	10	1
23	26	1
23	14	9
23	17	3
23	33	4
23	18	5
23	29	1
23	41	3
23	77	4
23	9	2
33	77	2
33	14	5
33	17	6
33	23	4
33	18	3
33	29	2
33	1	1
18	14	2
18	17	4
18	23	4
18	29	1
18	41	7
18	77	1
18	3	1
18	9	3
29	77	4
29	14	5
29	17	1
29	23	1
29	33	6
29	1	5
29	3	1
29	9	1
41	77	3
41	14	4
41	17	3
41	23	2
41	18	4
41	1	1
41	3	2
41	9	1
1	11	1
1	26	2
1	14	2
1	17	1
1	23	3
1	33	1
1	29	2
1	41	2
1	3	4
1	9	1
3	14	3
3	17	2
3	23	1
3	29	1
3	41	3
3	1	2
9	14	1
9	17	3
9	23	3
9	18	1
9	41	1
9	77	4
10	14	1
