10	14	2
10	19	2
10	31	7
10	50	6
10	3	3
10	6	1
10	8	2
20	14	2
20	19	1
20	31	2
20	45	1
20	9	2
20	8	1
14	10	5
14	20	3
14	19	4
14	31	4
14	45	2
14	37	11
14	50	6
14	3	1
14	6	1
14	8	4
22	8	5
22	37	10
22	14	1
22	6	2
19	14	3
19	22	1
19	31	1
19	45	2
19	37	3
19	50	5
19	8	4
31	10	4
31	14	3
31	45	1
31	3	5
31	6	1
31	8	1
45	10	1
45	20	2
45	19	2
45	37	1
45	50	2
45	8	1
37	10	2
37	20	3
37	14	9
37	22	7
37	19	1
37	45	4
37	50	4
37	3	2
37	6	3
37	8	7
50	10	2
50	20	1
50	14	3
50	19	3
50	31	1
50	45	2
50	37	1
50	8	6
3	10	3
3	22	3
3	31	5
3	45	2
3	37	1
3	50	2
3	6	2
3	8	3
6	10	1
6	14	5
6	19	2
6	37	1
6	3	4
6	8	5
9	45	2
9	20	1
8	10	5
8	20	1
8	14	10
8	22	4
8	19	4
8	31	7
8	37	8
8	50	3
8	3	9
8	6	4
8	9	1
