11	10	4
11	13	3
11	3	2
11	4	2
11	6	3
11	9	3
10	11	2
10	13	12
10	21	7
10	17	3
10	19	3
10	26	4
10	35	3
10	1	2
10	3	14
10	4	3
10	88	2
10	6	14
10	9	2
13	11	1
13	10	12
13	26	4
13	21	1
13	17	3
13	19	2
13	3	4
13	6	8
21	11	2
21	10	8
21	13	5
21	17	1
21	19	2
21	26	3
21	35	1
21	1	4
21	3	6
21	4	8
21	88	4
21	6	3
17	11	2
17	10	6
17	13	1
17	19	1
17	88	1
17	35	1
17	3	1
17	4	2
17	6	1
19	10	4
19	3	1
19	88	1
19	13	2
19	35	1
26	10	8
26	13	4
26	21	6
26	19	1
26	35	1
26	1	1
26	3	5
26	4	1
26	6	2
35	10	3
35	26	1
35	21	3
35	88	1
35	6	1
1	10	1
1	3	1
1	26	2
1	13	2
1	21	2
3	11	2
3	10	5
3	13	2
3	21	5
3	17	4
3	19	3
3	26	4
3	35	2
3	88	4
3	4	7
3	6	3
3	9	1
4	11	9
4	10	4
4	26	2
4	21	4
4	19	1
4	88	3
4	3	4
4	6	1
88	10	1
88	21	3
88	19	1
88	35	1
88	1	1
88	3	3
88	4	3
6	11	2
6	10	16
6	13	9
6	21	3
6	17	3
6	19	2
6	1	1
6	3	1
6	9	1
9	11	2
9	10	2
9	4	2
9	17	2
9	6	2
