24	10	1
24	20	1
24	33	7
24	18	1
24	30	2
24	35	2
24	34	1
24	4	5
10	14	1
10	19	5
10	35	1
10	33	1
10	4	1
10	9	3
20	24	3
20	14	2
20	19	1
20	18	1
20	30	1
20	34	3
20	33	6
20	4	9
14	11	1
14	20	1
14	18	6
14	35	1
14	34	2
14	4	2
14	7	1
14	9	3
19	24	1
19	10	9
19	20	1
19	33	5
19	18	1
19	35	3
19	34	3
19	7	3
19	11	2
19	9	2
18	11	1
18	10	1
18	14	1
18	35	2
18	34	2
18	4	2
18	9	1
30	19	1
30	10	1
30	34	1
30	24	3
35	24	2
35	11	2
35	20	1
35	14	2
35	19	3
35	18	5
35	34	3
35	33	3
35	4	2
35	9	1
34	11	2
34	10	2
34	20	1
34	14	3
34	19	6
34	18	8
34	30	1
34	35	7
34	33	11
34	4	9
34	9	3
33	24	10
33	10	2
33	20	8
33	19	12
33	35	4
33	34	13
33	4	10
33	7	1
33	11	1
33	9	1
4	24	4
4	10	1
4	20	4
4	14	10
4	19	2
4	18	3
4	30	1
4	35	1
4	34	11
4	33	13
4	7	1
4	9	1
7	9	1
7	33	2
7	4	2
7	14	2
7	34	1
11	9	1
11	10	3
11	33	1
11	7	1
11	18	1
9	10	2
9	19	3
9	18	1
9	30	1
9	35	1
9	34	1
9	4	1
