10	39	1
10	14	1
10	22	3
10	28	4
10	5	1
10	70	3
10	9	1
26	10	1
26	22	3
26	33	2
26	28	1
26	5	2
26	4	1
26	7	4
26	70	4
14	9	1
22	10	6
22	26	1
22	28	1
22	39	3
22	5	4
22	7	6
22	70	5
33	10	1
33	26	1
33	14	1
33	22	1
33	28	1
33	5	1
33	4	1
33	9	1
6	10	1
6	8	1
28	10	3
28	39	5
28	33	2
28	5	7
28	4	1
28	9	3
28	8	1
39	10	3
39	22	2
39	28	6
39	5	3
39	4	2
39	70	2
39	9	2
5	10	2
5	39	4
5	22	6
5	6	1
5	28	10
5	4	3
5	7	1
5	70	2
4	26	3
4	33	3
4	28	2
4	39	2
4	5	3
4	70	2
7	10	3
7	26	2
7	22	4
7	5	2
7	4	2
7	70	7
7	9	4
70	10	4
70	26	3
70	22	6
70	33	1
70	28	1
70	39	1
70	5	3
70	7	5
70	9	2
9	10	1
9	26	1
9	14	1
9	22	3
9	28	1
9	39	4
9	5	2
9	7	2
9	70	2
