11	24	1
11	10	4
11	22	1
11	18	5
11	31	1
11	29	1
11	5	3
11	4	2
11	7	4
11	6	2
11	8	8
10	11	7
10	24	2
10	14	2
10	22	12
10	18	1
10	31	3
10	5	11
10	4	3
10	7	2
10	6	1
10	8	9
14	24	15
14	10	2
14	22	16
14	18	5
14	31	2
14	1	3
14	5	4
14	4	6
14	6	5
14	8	5
22	11	2
22	10	21
22	14	10
22	18	1
22	31	3
22	6	10
22	5	2
22	4	31
22	7	10
22	24	1
22	8	1
18	11	14
18	10	2
18	14	4
18	22	1
18	6	2
18	1	1
18	5	4
18	24	8
18	8	16
31	11	1
31	10	1
31	14	3
31	22	3
31	5	1
31	4	3
31	24	1
6	11	1
6	10	3
6	14	2
6	22	7
6	18	2
6	31	6
6	29	1
6	5	1
6	24	2
6	8	1
29	31	1
29	5	1
1	24	4
1	14	1
1	22	7
1	18	2
1	5	3
1	4	1
1	7	1
1	8	2
5	24	9
5	10	7
5	14	8
5	22	6
5	18	4
5	31	2
5	4	7
5	7	2
5	6	3
5	8	13
4	24	5
4	10	9
4	14	5
4	22	28
4	31	1
4	5	5
4	7	2
4	8	3
7	11	3
7	24	1
7	5	3
7	4	4
7	22	8
24	11	9
24	10	3
24	14	15
24	22	3
24	18	22
24	31	1
24	1	4
24	5	5
24	4	2
24	7	1
24	6	2
24	8	5
8	11	9
8	10	6
8	14	7
8	22	8
8	18	11
8	6	2
8	5	10
8	4	4
8	7	1
8	24	5
