11	22	2
11	28	2
11	3	8
11	2	1
11	7	1
11	6	2
11	9	3
11	8	2
24	22	3
24	28	8
24	1	4
24	3	1
24	2	4
24	7	2
24	6	4
24	9	1
24	8	2
17	11	1
17	22	1
17	18	1
17	28	1
17	3	2
17	8	1
22	11	8
22	24	2
22	17	1
22	28	6
22	1	1
22	3	7
22	2	3
22	7	5
22	6	7
22	9	1
22	8	4
18	8	1
18	3	1
18	17	1
28	11	3
28	24	9
28	17	1
28	22	13
28	18	1
28	1	2
28	3	2
28	2	2
28	7	9
28	6	2
28	9	2
28	8	6
1	24	4
1	3	7
1	22	1
1	6	3
3	11	7
3	22	8
3	17	2
3	28	4
3	6	5
3	9	2
2	11	1
2	24	3
2	17	1
2	22	2
2	28	4
2	7	12
2	8	2
7	11	3
7	17	1
7	22	6
7	18	1
7	28	3
7	1	1
7	2	10
7	6	1
7	9	2
7	8	5
6	11	1
6	24	10
6	22	6
6	28	4
6	1	4
6	3	4
6	2	1
6	7	1
6	8	1
9	11	3
9	22	5
9	28	1
9	2	1
9	7	1
9	6	1
9	8	8
8	11	2
8	24	2
8	17	1
8	22	3
8	28	7
8	1	1
8	3	4
8	2	8
8	7	6
8	6	1
8	9	5
