24	15	1
24	21	1
24	33	2
24	20	1
24	9	2
24	8	1
25	24	1
25	3	5
25	20	7
25	4	2
20	24	3
20	25	1
20	33	11
20	3	1
20	4	5
20	7	1
20	8	6
21	25	2
21	3	5
21	4	3
21	7	4
21	9	1
21	8	5
33	24	1
33	20	4
33	4	2
33	7	1
33	6	1
33	9	3
33	8	2
15	9	1
15	31	1
3	9	2
3	25	1
3	21	2
3	7	13
3	6	6
4	25	3
4	20	6
4	21	3
4	33	1
4	3	2
4	7	1
4	6	1
4	9	1
4	8	4
7	24	1
7	20	1
7	21	4
7	3	9
7	6	2
7	9	2
7	8	2
6	25	1
6	20	3
6	33	2
6	3	4
6	4	3
6	7	4
6	8	3
9	24	1
9	33	1
9	3	1
9	4	1
9	7	4
9	6	2
9	8	1
8	24	3
8	25	1
8	20	11
8	21	4
8	33	5
8	3	2
8	4	5
8	7	3
8	6	4
8	9	4
