11	10	2
11	26	3
11	14	3
11	3	1
11	2	4
11	5	1
11	7	2
11	6	4
11	8	3
10	11	3
10	26	3
10	14	2
10	22	4
10	2	5
10	5	4
10	7	3
10	9	5
26	11	2
26	10	5
26	22	4
26	16	1
26	2	4
26	5	3
26	7	1
26	6	14
26	8	5
14	11	7
14	10	2
14	16	2
14	3	17
14	2	11
14	5	9
14	7	1
14	9	7
14	8	4
22	10	2
22	26	4
22	14	1
22	16	3
22	3	3
22	2	2
22	5	2
22	7	1
22	6	2
22	8	6
16	26	2
16	14	4
16	22	5
16	3	11
16	2	2
16	5	3
16	8	1
3	11	2
3	10	1
3	26	1
3	14	23
3	22	3
3	16	4
3	2	10
3	5	14
3	6	2
3	8	12
2	11	7
2	10	9
2	26	6
2	14	8
2	22	2
2	3	8
2	5	10
2	7	1
2	6	3
2	9	2
2	8	3
5	11	2
5	10	6
5	26	4
5	14	11
5	22	4
5	16	1
5	3	7
5	2	11
5	6	3
5	9	3
5	8	3
7	10	2
7	3	1
7	2	2
7	5	2
7	6	2
6	11	1
6	10	4
6	26	9
6	14	4
6	3	2
6	2	3
6	5	3
6	7	1
6	8	4
9	10	3
9	26	1
9	5	1
9	14	3
9	7	1
8	11	3
8	26	8
8	14	5
8	22	3
8	16	1
8	3	11
8	2	6
8	5	5
8	6	8
