11	10	6
11	26	2
11	16	14
11	30	6
11	99	1
11	2	10
11	5	3
11	9	1
11	8	2
10	11	3
10	26	3
10	16	3
10	18	3
10	30	1
10	3	1
10	2	9
10	4	1
10	8	1
26	11	6
26	12	6
26	16	6
26	30	10
26	99	1
26	3	6
26	2	3
26	5	3
26	4	2
26	9	3
26	8	10
12	26	1
12	16	1
12	3	3
12	2	6
12	5	2
12	4	6
16	11	9
16	10	11
16	26	7
16	18	1
16	30	11
16	99	4
16	3	4
16	2	11
16	5	3
16	4	6
16	9	1
16	8	11
18	16	3
30	11	5
30	10	3
30	26	17
30	16	12
30	99	5
30	3	3
30	2	11
30	5	3
30	4	3
30	9	1
30	8	8
99	11	6
99	16	2
99	30	2
99	2	2
99	5	1
99	8	2
3	11	1
3	10	3
3	26	14
3	12	5
3	16	4
3	30	7
3	2	3
3	5	4
3	4	2
2	11	10
2	10	5
2	26	2
2	16	10
2	30	11
2	99	3
2	3	2
2	5	7
2	4	8
2	8	3
5	11	2
5	26	4
5	16	5
5	30	5
5	99	3
5	3	4
5	2	2
5	4	5
5	8	3
4	11	2
4	10	2
4	26	3
4	12	3
4	16	4
4	30	4
4	99	1
4	3	11
4	2	10
4	5	1
4	9	1
4	8	2
9	11	1
9	10	1
9	26	1
9	30	2
9	18	1
8	11	2
8	10	1
8	26	5
8	16	11
8	30	9
8	99	2
8	3	1
8	2	3
8	5	1
