26	21	4
26	16	4
26	46	3
26	30	1
26	3	1
26	5	8
26	9	1
26	8	4
26	78	3
15	26	1
15	21	2
15	46	5
15	9	1
15	79	1
15	78	1
21	26	4
21	15	1
21	16	9
21	46	3
21	28	1
21	3	1
21	5	1
21	9	2
21	8	1
16	26	3
16	15	1
16	21	2
16	30	1
16	28	9
16	3	4
16	5	2
16	9	1
16	8	2
46	26	3
46	15	4
46	21	3
46	30	1
46	28	1
46	5	2
46	9	1
46	8	1
30	46	2
30	28	3
30	7	1
28	26	2
28	15	1
28	21	2
28	16	2
28	46	1
28	3	2
28	5	1
28	8	7
28	78	3
3	26	1
3	15	1
3	21	2
3	16	2
3	30	1
3	28	2
3	5	6
3	9	1
3	8	1
3	78	2
5	26	5
5	15	5
5	21	3
5	16	1
5	46	2
5	28	1
5	3	10
5	8	1
5	78	7
7	3	1
7	30	1
7	28	1
9	26	4
9	21	1
9	46	1
9	30	1
9	8	3
9	78	1
8	26	1
8	15	1
8	21	4
8	16	3
8	46	1
8	28	7
8	5	4
8	9	3
79	46	1
79	15	1
79	7	1
78	3	1
78	5	7
