25	27	2
25	17	3
25	18	2
25	88	1
25	9	3
25	8	6
25	93	3
25	84	1
27	25	4
27	15	2
27	21	2
27	17	2
27	18	2
27	9	1
27	8	2
27	84	4
15	27	1
15	21	6
15	18	6
15	12	1
15	7	2
15	9	1
15	8	2
15	80	3
21	25	2
21	15	2
21	18	4
21	7	1
21	9	1
21	80	2
17	25	3
17	27	1
17	18	1
17	7	1
17	9	2
17	8	1
17	80	1
17	84	2
18	25	2
18	27	5
18	15	5
18	17	3
18	7	3
18	9	3
18	8	8
18	80	8
88	25	1
88	80	2
88	93	1
88	21	1
12	25	1
12	93	1
12	15	2
7	9	3
7	18	2
7	80	6
7	15	1
7	84	4
9	25	1
9	17	4
9	88	1
9	7	5
9	8	1
9	80	1
9	84	5
8	25	4
8	27	3
8	15	2
8	18	7
8	7	1
8	9	4
8	80	4
8	84	5
80	27	1
80	15	2
80	17	1
80	18	5
80	88	2
80	7	9
80	9	2
80	8	4
80	84	3
93	25	2
93	80	1
93	12	2
84	25	1
84	17	3
84	18	2
84	7	1
84	9	2
84	8	3
