10	20	1
10	14	3
10	22	1
10	16	2
10	18	2
10	31	6
10	45	2
10	42	1
10	1	2
10	3	6
10	7	2
10	9	2
20	14	1
20	22	2
20	16	1
20	31	5
20	1	1
20	3	2
20	7	5
14	22	9
14	16	13
14	31	7
14	1	5
14	3	2
14	9	3
22	10	2
22	20	6
22	14	7
22	16	7
22	31	3
22	1	5
22	3	2
22	7	9
16	10	6
16	20	5
16	14	11
16	22	7
16	18	2
16	31	7
16	45	4
16	42	1
16	3	8
16	7	5
16	9	1
18	10	1
18	16	1
18	31	3
18	42	1
18	1	1
18	3	2
18	9	1
31	10	5
31	20	4
31	14	5
31	22	6
31	16	5
31	18	3
31	1	2
31	3	4
31	7	9
31	9	4
31	15	1
45	9	2
45	10	1
45	20	3
45	22	2
45	16	1
42	15	1
1	15	1
1	14	9
1	22	9
1	16	5
1	18	1
1	31	2
1	45	1
1	3	1
1	7	1
3	10	7
3	14	6
3	22	1
3	16	7
3	18	1
3	31	1
3	1	5
3	9	2
7	20	7
7	14	1
7	22	4
7	16	3
7	31	7
7	45	2
7	1	2
7	3	1
7	9	4
7	15	1
9	31	1
9	45	2
9	20	2
9	7	1
9	16	5
15	18	1
