10	9	1
10	6	1
20	17	3
20	33	2
20	28	6
20	29	1
20	5	1
20	6	1
17	10	1
17	20	1
17	33	4
17	44	3
17	30	1
17	28	1
17	29	1
17	5	3
17	66	2
17	6	1
33	20	3
33	17	2
33	44	3
33	30	1
33	29	1
33	5	4
33	6	1
33	9	2
44	20	1
44	17	2
44	30	5
44	28	2
44	5	5
44	66	4
44	6	1
30	9	1
30	44	4
30	5	11
30	66	2
28	20	3
28	17	2
28	33	2
28	44	2
28	29	1
28	5	1
28	66	3
28	6	1
29	20	1
29	17	1
29	33	2
29	77	2
29	5	1
29	66	2
77	10	2
5	20	1
5	17	4
5	33	10
5	44	6
5	30	7
5	28	1
5	29	1
5	66	2
5	6	4
5	9	1
66	10	2
66	20	1
66	17	1
66	44	5
66	28	4
66	29	2
66	5	2
66	6	1
66	9	1
6	20	2
6	17	2
6	44	3
6	28	2
6	29	1
6	5	3
6	66	5
6	9	2
9	20	2
9	44	1
9	28	1
9	29	1
9	77	1
9	6	1
