10	26	5
10	14	3
10	23	4
10	33	5
10	37	1
10	3	2
10	4	5
10	6	3
10	8	1
26	10	3
26	14	2
26	23	9
26	19	1
26	37	3
26	3	1
26	4	11
26	9	1
26	8	6
14	8	4
14	3	1
14	23	1
14	10	8
14	6	2
23	10	3
23	26	11
23	14	1
23	19	3
23	33	1
23	3	1
23	4	5
23	6	1
23	8	7
19	10	1
19	26	2
19	14	2
19	23	4
19	33	2
19	1	2
19	3	23
19	4	10
19	6	5
19	9	1
19	8	7
37	26	2
37	6	1
1	26	2
1	19	4
1	33	1
1	3	4
1	4	3
1	8	2
33	8	2
33	3	17
33	14	2
33	10	5
33	6	7
3	10	4
3	26	3
3	14	2
3	19	18
3	1	5
3	33	25
3	4	1
3	6	2
3	8	14
4	10	2
4	26	18
4	23	3
4	19	16
4	1	1
4	33	1
4	3	4
4	6	1
4	8	2
6	10	4
6	12	1
6	14	1
6	23	3
6	33	5
6	3	3
6	4	1
6	9	1
6	8	2
9	8	1
9	26	1
8	10	6
8	26	9
8	14	2
8	23	5
8	19	6
8	1	1
8	33	10
8	3	9
8	4	8
8	6	3
8	9	1
