25	26	2
25	17	2
25	19	2
25	29	5
25	1	4
25	5	5
25	4	8
25	6	4
25	9	2
26	20	2
26	17	2
26	19	9
26	5	5
26	4	5
26	7	6
26	6	15
26	9	1
15	17	1
15	7	1
17	26	1
17	20	2
17	29	3
17	5	5
17	7	6
17	6	1
17	9	5
19	26	6
19	17	2
19	29	7
19	1	1
19	5	2
19	4	1
19	7	5
19	6	2
19	9	3
37	26	1
37	4	4
37	7	1
29	25	3
29	20	1
29	17	2
29	19	2
29	5	6
29	7	5
29	6	5
29	9	6
1	25	2
1	17	1
1	37	2
1	29	2
1	5	1
1	4	4
1	9	1
5	25	6
5	26	9
5	15	1
5	17	5
5	19	3
5	37	1
5	29	8
5	4	6
5	7	6
5	6	8
5	9	3
4	25	10
4	26	4
4	19	1
4	37	4
4	29	1
4	1	3
4	5	2
4	7	7
4	6	5
4	9	2
7	25	2
7	26	6
7	20	1
7	17	8
7	19	5
7	37	1
7	29	5
7	1	1
7	5	6
7	4	6
7	6	3
7	9	8
6	25	4
6	26	14
6	20	1
6	17	6
6	19	3
6	29	5
6	1	1
6	5	10
6	4	1
6	7	3
6	9	2
9	26	2
9	17	3
9	19	1
9	1	1
9	5	3
9	7	5
9	6	2
20	26	1
20	5	2
20	17	2
20	7	2
20	6	1
