10	15	6
10	21	6
10	22	2
10	16	3
26	10	1
26	21	10
26	22	13
26	16	1
26	18	6
26	42	8
26	35	1
26	1	2
26	5	5
26	4	15
26	7	2
26	25	7
15	10	2
15	26	1
15	21	5
15	16	1
15	42	1
15	1	1
15	5	9
15	4	2
15	25	1
21	10	6
21	26	7
21	15	7
21	22	8
21	16	4
21	18	4
21	42	15
21	35	1
21	5	4
21	4	8
21	7	6
21	25	6
22	10	2
22	26	5
22	21	8
22	25	4
22	18	3
22	16	2
22	42	3
22	1	1
22	4	1
22	7	3
16	10	2
16	26	1
16	21	7
16	22	1
16	25	2
16	42	1
16	7	1
18	25	2
18	26	2
18	21	1
18	22	1
18	42	4
18	5	1
18	4	4
18	7	2
42	10	3
42	26	7
42	15	3
42	21	10
42	22	4
42	16	2
42	35	1
42	1	1
42	5	7
42	4	13
42	7	4
42	25	11
35	25	1
35	21	1
35	22	1
35	42	1
35	5	1
35	7	1
1	10	2
1	26	6
1	21	1
1	22	2
1	42	1
1	5	1
1	4	7
5	10	4
5	26	2
5	15	6
5	21	14
5	25	3
5	16	2
5	42	9
5	4	8
5	7	2
4	10	2
4	26	19
4	15	3
4	21	3
4	16	1
4	18	1
4	42	8
4	1	5
4	5	20
4	25	3
7	10	2
7	26	1
7	22	1
7	25	1
7	18	2
7	42	4
7	35	2
7	5	1
7	4	1
25	10	1
25	26	5
25	15	2
25	21	11
25	22	4
25	16	1
25	18	5
25	42	13
25	35	1
25	5	4
25	4	4
25	7	3
