11	19	1
11	8	2
11	20	2
11	24	5
24	11	3
24	20	1
24	14	1
24	19	4
24	4	13
24	7	5
24	6	1
24	8	4
15	24	1
15	20	1
15	14	3
15	17	2
15	19	9
15	1	3
15	4	3
15	7	3
15	6	7
15	8	1
14	19	3
14	10	4
14	15	4
14	7	3
17	11	3
17	15	3
17	19	2
17	4	2
17	7	3
17	6	2
17	20	1
10	24	1
10	20	2
10	14	3
10	19	1
10	1	1
10	4	1
19	24	1
19	10	1
19	15	6
19	14	2
19	20	3
19	2	1
19	4	3
19	7	7
19	8	5
20	24	2
20	10	1
20	14	1
20	17	1
20	19	2
20	2	1
20	7	5
1	11	1
1	24	2
1	15	1
1	14	1
1	10	1
1	19	1
1	2	1
1	4	4
1	7	7
1	6	6
1	8	2
2	19	1
2	24	1
2	20	1
4	11	2
4	24	8
4	15	6
4	17	4
4	19	1
4	20	4
4	1	1
4	7	12
4	6	17
4	8	6
7	11	6
7	24	7
7	15	3
7	14	4
7	17	1
7	10	1
7	19	6
7	20	5
7	4	5
7	6	5
7	8	5
6	11	1
6	24	1
6	15	12
6	14	1
6	10	2
6	19	2
6	20	1
6	1	6
6	4	13
6	7	4
6	8	6
8	11	1
8	24	1
8	15	3
8	14	2
8	17	3
8	19	3
8	1	1
8	4	6
8	7	4
8	6	4
8	20	2
