24	10	1
24	20	4
24	21	7
24	17	4
24	23	1
24	19	2
24	35	6
24	2	7
24	7	5
24	6	7
10	20	1
10	4	1
10	35	1
20	21	9
20	17	2
20	23	4
20	35	19
20	2	2
20	4	11
20	7	6
20	6	13
21	24	10
21	11	2
21	20	11
21	17	2
21	19	1
21	35	4
21	2	3
21	4	3
21	7	1
21	6	10
17	24	3
17	20	1
17	21	3
17	35	3
17	2	2
17	4	2
17	7	2
17	6	3
23	20	2
23	21	1
23	35	3
23	2	1
23	4	1
23	7	1
19	35	1
35	24	3
35	20	7
35	21	6
35	17	4
35	23	2
35	2	6
35	4	17
35	7	9
35	6	9
1	24	1
1	20	1
1	21	1
1	35	3
1	2	1
1	6	7
2	24	9
2	11	1
2	21	1
2	17	3
2	23	1
2	35	1
2	1	2
2	7	1
2	6	2
4	24	2
4	10	1
4	20	12
4	21	3
4	17	5
4	23	1
4	35	19
4	7	3
4	6	6
4	11	1
7	10	1
7	20	5
7	21	1
7	17	1
7	23	5
7	35	4
7	2	2
7	4	2
7	6	2
6	24	8
6	10	1
6	20	20
6	21	7
6	17	3
6	35	16
6	1	4
6	4	10
6	7	2
11	7	2
