24	10	1
24	13	2
24	26	5
24	3	1
24	2	3
24	4	4
10	26	1
10	12	1
10	14	7
10	19	2
10	3	3
10	2	3
10	4	6
10	8	2
10	21	4
13	24	2
13	26	1
13	21	1
13	3	2
13	2	1
13	4	1
12	10	2
12	26	1
12	21	4
12	22	2
12	3	1
12	4	2
14	24	3
14	10	2
14	21	3
14	2	4
14	4	5
14	8	2
17	19	1
17	21	1
19	10	2
19	26	1
19	14	1
19	22	2
19	3	3
19	2	2
19	4	6
19	8	1
22	10	1
22	12	2
22	21	5
22	3	1
22	2	3
22	4	1
26	24	4
26	10	1
26	13	2
26	21	4
26	19	1
26	3	8
26	4	6
3	24	1
3	10	6
3	26	6
3	12	3
3	21	5
3	19	4
3	4	1
3	8	2
3	14	3
2	24	2
2	10	6
2	21	4
2	17	1
2	19	3
2	22	1
2	4	8
2	8	1
2	14	3
4	24	2
4	10	8
4	13	1
4	12	2
4	14	9
4	17	2
4	19	6
4	22	3
4	26	3
4	3	4
4	2	2
4	8	6
4	21	12
8	24	2
8	10	3
8	14	1
8	19	7
8	3	1
8	21	1
21	24	2
21	10	8
21	26	5
21	12	3
21	14	3
21	22	3
21	19	1
21	3	8
21	2	2
21	4	6
21	8	1
