10	26	3
10	27	2
10	21	3
10	23	6
10	19	1
10	33	10
10	3	1
10	9	2
10	8	3
26	10	3
26	15	1
26	21	8
26	23	8
26	19	7
26	37	2
26	1	2
26	9	3
26	8	14
26	14	2
27	9	1
27	10	3
27	3	3
27	33	4
15	8	1
15	26	2
15	21	1
21	10	1
21	26	12
21	27	3
21	15	1
21	23	7
21	19	4
21	33	9
21	3	13
21	9	3
21	8	6
23	10	7
23	26	7
23	27	5
23	15	1
23	21	7
23	19	8
23	37	2
23	1	1
23	33	2
23	3	6
23	9	5
23	8	3
23	14	3
19	10	2
19	26	5
19	21	8
19	23	8
19	33	1
19	1	1
19	3	7
19	9	2
19	8	5
37	26	2
1	19	3
1	3	4
1	26	7
1	21	3
1	23	7
33	10	4
33	27	5
33	21	11
33	23	10
33	3	8
33	9	2
3	10	3
3	26	1
3	27	1
3	21	12
3	23	5
3	19	9
3	1	5
3	33	16
3	9	1
3	8	3
3	14	1
9	10	6
9	26	3
9	27	1
9	21	2
9	23	3
9	8	1
8	10	7
8	26	9
8	21	4
8	23	4
8	19	2
8	1	1
8	3	1
8	9	5
8	14	2
14	8	2
14	37	1
