11	10	2
11	12	2
11	15	2
11	14	2
11	23	6
11	2	1
11	4	1
11	7	3
11	9	4
11	8	2
10	11	1
10	12	17
10	15	5
10	14	1
10	23	4
10	1	1
10	2	1
10	4	6
10	7	7
10	9	5
10	8	9
12	11	2
12	10	19
12	15	2
12	23	2
12	2	1
12	4	13
12	7	15
12	9	5
12	8	8
15	11	13
15	10	1
15	12	2
15	14	1
15	23	18
15	1	2
15	2	4
15	4	2
15	7	2
15	9	2
15	8	7
14	11	1
14	10	1
14	15	1
14	7	1
23	11	5
23	10	7
23	12	7
23	15	10
23	2	4
23	4	6
23	7	1
23	9	1
23	8	6
1	10	1
1	12	5
1	15	1
1	2	1
1	4	2
1	7	1
1	8	2
2	10	2
2	12	2
2	15	5
2	23	2
2	1	1
2	4	6
2	8	10
4	11	3
4	10	9
4	12	16
4	15	8
4	23	6
4	2	1
4	8	11
7	11	1
7	10	11
7	12	5
7	14	1
7	23	3
7	4	1
7	9	3
7	8	1
9	11	2
9	10	1
9	12	2
9	15	2
9	23	3
9	4	1
9	7	3
9	8	1
8	11	4
8	10	14
8	12	13
8	15	15
8	23	7
8	2	3
8	4	8
8	7	2
8	9	3
