11	10	8
11	22	4
11	18	1
11	4	1
11	9	4
11	8	8
10	11	5
10	22	7
10	18	3
10	3	4
10	5	5
10	4	4
10	7	1
10	6	3
10	9	4
10	8	4
14	11	3
14	24	1
14	22	3
14	18	8
14	1	6
14	3	6
14	5	1
14	4	1
14	7	1
14	9	1
14	8	4
22	11	1
22	10	14
22	14	1
22	18	1
22	3	6
22	5	5
22	4	8
22	7	11
22	6	1
22	9	3
22	8	2
24	11	1
24	14	1
24	18	3
24	1	1
24	7	1
24	6	1
18	11	12
18	10	3
18	14	10
18	22	1
18	24	1
18	1	7
18	3	2
18	5	2
18	4	2
18	7	1
18	6	1
18	8	7
1	11	2
1	10	1
1	14	7
1	22	8
1	18	9
1	3	3
1	5	2
1	4	1
1	24	3
1	9	1
3	10	2
3	14	3
3	22	7
3	18	1
3	1	11
3	5	1
3	4	1
3	7	2
3	9	1
3	8	1
5	11	2
5	10	7
5	14	5
5	22	7
5	18	1
5	1	1
5	3	4
5	4	4
5	24	1
5	9	1
5	8	4
4	11	2
4	10	4
4	22	8
4	18	1
4	3	6
4	5	2
4	9	1
4	8	2
7	11	1
7	10	3
7	14	1
7	22	7
7	3	1
7	4	2
6	24	2
6	10	2
6	3	1
6	5	1
6	22	3
9	11	7
9	10	1
9	22	6
9	5	1
9	4	1
9	8	1
8	11	7
8	10	1
8	14	3
8	22	1
8	18	10
8	3	1
8	5	9
8	4	3
8	7	1
