11	10	4
11	14	1
11	22	1
11	18	7
11	5	1
11	4	2
11	9	4
11	8	7
10	11	6
10	22	2
10	18	2
10	5	3
10	4	9
10	9	6
10	8	3
12	3	1
12	22	1
14	10	1
14	22	3
14	18	4
14	1	7
14	3	4
14	5	4
14	4	2
14	9	1
14	8	5
22	11	1
22	10	12
22	14	2
22	18	1
22	3	4
22	5	2
22	4	14
22	9	1
22	8	3
18	11	16
18	10	4
18	15	1
18	14	6
18	1	4
18	5	3
18	4	1
18	9	5
18	8	8
1	10	1
1	14	5
1	22	2
1	18	11
1	3	3
1	5	2
1	9	1
1	8	1
3	10	1
3	14	2
3	22	4
3	18	2
3	1	5
3	5	3
3	4	5
3	9	2
3	8	2
5	11	2
5	10	2
5	14	4
5	22	7
5	18	8
5	1	1
5	3	4
5	4	7
5	9	1
5	8	9
4	11	3
4	10	8
4	14	1
4	22	11
4	18	2
4	1	1
4	3	3
4	5	11
4	9	4
9	11	2
9	10	6
9	12	1
9	18	1
9	5	1
9	4	3
8	11	7
8	10	4
8	14	4
8	22	3
8	18	10
8	3	1
8	5	6
8	4	4
8	9	2
