25	13	2
25	21	6
25	18	1
25	31	5
25	3	1
25	5	1
25	9	8
13	25	3
13	21	4
13	17	3
13	19	1
13	18	2
13	31	2
13	1	7
13	3	15
13	5	8
13	6	5
21	25	8
21	13	5
21	17	1
21	19	1
21	18	3
21	31	8
21	1	2
21	3	13
21	5	6
21	6	7
21	9	1
17	13	2
17	21	4
17	18	5
17	31	5
17	1	7
17	3	3
17	5	5
17	6	1
17	9	3
19	13	1
19	17	1
19	18	3
19	31	1
19	3	2
19	5	1
19	6	2
18	13	1
18	21	1
18	17	4
18	19	3
18	31	1
18	3	6
18	6	14
18	9	2
31	25	4
31	13	3
31	21	10
31	17	2
31	19	3
31	18	6
31	3	6
31	5	2
31	6	9
31	9	5
1	25	1
1	13	7
1	21	2
1	17	4
1	18	4
1	31	2
1	3	4
1	5	5
1	6	1
1	9	1
3	25	3
3	13	10
3	21	11
3	17	7
3	19	1
3	18	5
3	31	13
3	1	3
3	5	5
3	6	17
3	9	1
5	25	3
5	13	8
5	21	6
5	17	7
5	19	1
5	31	1
5	1	9
5	3	8
5	6	3
5	9	2
6	25	7
6	13	5
6	21	4
6	17	6
6	19	3
6	18	10
6	31	8
6	3	8
6	5	7
6	9	4
9	25	1
9	13	1
9	21	3
9	18	4
9	31	2
9	3	2
9	6	1
