11	12	5
11	15	2
11	3	1
11	4	4
11	7	3
11	8	1
10	11	1
10	12	8
10	15	8
10	14	2
10	23	2
10	3	2
10	4	9
10	7	4
10	8	6
12	11	3
12	10	6
12	14	3
12	23	19
12	3	3
12	2	5
12	4	7
12	7	10
12	8	7
15	11	2
15	10	16
15	12	2
15	14	1
15	1	1
15	3	11
15	4	17
15	7	1
15	8	4
14	11	3
14	10	2
14	12	1
14	20	1
14	3	1
14	4	1
14	8	2
23	11	2
23	10	4
23	12	17
23	15	1
23	2	1
23	7	6
23	8	9
20	4	1
20	7	2
1	11	2
1	12	6
1	15	3
1	14	1
1	23	1
1	3	4
1	2	3
1	8	1
3	12	3
3	15	15
3	23	1
3	1	5
3	2	5
3	4	9
3	7	1
3	8	11
2	10	2
2	12	10
2	15	2
2	23	8
2	1	2
2	3	7
2	8	5
4	11	3
4	10	7
4	12	2
4	15	12
4	14	2
4	23	1
4	20	1
4	3	10
4	2	5
4	7	3
4	8	13
7	11	1
7	10	2
7	12	5
7	20	1
7	14	2
7	23	1
7	2	2
7	4	3
7	8	4
8	11	3
8	10	9
8	12	9
8	15	8
8	14	1
8	23	8
8	3	6
8	2	7
8	4	8
8	7	2
