10	26	7
10	21	6
10	23	2
10	19	1
10	37	1
10	33	1
10	6	4
10	9	5
10	8	3
10	14	1
26	10	1
26	21	5
26	23	4
26	19	5
26	33	1
26	3	1
26	6	2
26	9	6
26	8	9
21	10	7
21	26	3
21	23	8
21	19	2
21	1	1
21	33	2
21	3	8
21	6	3
21	8	5
23	10	9
23	26	2
23	21	2
23	19	3
23	37	1
23	1	1
23	33	4
23	3	6
23	6	2
23	9	4
23	8	9
19	10	2
19	26	10
19	21	3
19	23	6
19	1	3
19	3	5
19	6	4
19	8	1
37	1	1
37	26	1
1	10	2
1	26	2
1	21	1
1	23	1
1	19	7
1	33	1
1	3	3
1	6	4
1	9	2
1	8	1
33	10	4
33	26	1
33	21	1
33	3	5
33	6	9
33	9	4
3	10	5
3	26	1
3	21	4
3	23	7
3	19	5
3	1	2
3	33	9
3	6	10
3	9	2
3	8	2
6	10	5
6	26	1
6	21	5
6	23	4
6	19	2
6	33	2
6	3	11
6	9	3
6	8	1
6	14	1
9	10	2
9	26	1
9	21	1
9	23	6
9	33	2
9	6	1
9	8	2
8	10	4
8	26	5
8	21	8
8	23	4
8	19	3
8	33	3
8	3	3
8	6	2
8	9	2
14	8	1
14	37	1
14	10	1
14	6	3
