25	13	5
25	20	1
25	21	6
25	17	3
25	31	1
25	3	5
25	6	2
25	9	3
13	25	5
13	21	5
13	17	16
13	31	3
13	3	7
13	5	1
13	6	8
20	25	1
20	13	2
20	17	1
20	18	1
20	31	3
20	3	6
20	5	3
20	6	1
21	25	4
21	13	8
21	17	2
21	31	4
21	3	4
21	6	2
21	9	2
17	25	3
17	13	9
17	20	3
17	21	4
17	19	1
17	31	6
17	1	5
17	3	10
17	5	7
17	6	6
17	9	4
19	3	1
19	13	1
19	17	1
19	6	1
18	25	4
18	20	1
18	17	1
18	19	1
18	31	6
18	3	5
18	5	14
18	6	9
18	9	3
31	25	4
31	13	2
31	20	4
31	21	4
31	17	2
31	18	9
31	3	10
31	5	4
31	6	6
31	9	5
1	9	1
1	8	1
1	3	3
1	5	11
1	17	8
3	25	1
3	13	9
3	20	4
3	21	5
3	17	8
3	19	1
3	18	7
3	31	10
3	1	2
3	5	12
3	6	14
3	9	4
5	25	1
5	20	2
5	21	3
5	17	13
5	18	13
5	31	6
5	1	9
5	3	8
5	6	12
5	9	1
6	25	7
6	13	9
6	20	6
6	21	3
6	17	7
6	19	1
6	18	10
6	31	6
6	1	2
6	3	8
6	5	6
6	9	3
9	25	6
9	13	1
9	21	1
9	17	2
9	18	2
9	31	1
9	3	2
9	6	2
8	5	1
