11	24	4
11	3	3
11	6	1
24	11	5
24	26	2
24	20	1
24	22	2
24	18	4
24	42	1
24	40	2
24	3	4
24	7	4
24	6	8
24	15	4
26	11	2
26	24	6
26	18	6
26	42	1
26	40	2
26	99	1
26	3	5
26	7	4
26	6	8
26	95	3
20	24	1
20	26	3
20	22	2
20	18	2
20	40	2
20	7	1
20	6	3
22	18	1
22	40	1
22	7	2
22	6	1
18	24	3
18	26	3
18	20	4
18	42	1
18	40	3
18	7	5
18	6	9
18	95	4
42	24	1
42	26	1
42	15	5
42	99	1
42	7	2
42	6	2
40	11	2
40	24	2
40	20	3
40	18	6
40	3	3
40	7	5
40	6	4
40	95	1
99	24	1
99	40	1
99	7	2
99	6	1
3	11	2
3	24	3
3	26	3
3	40	2
3	99	1
3	7	2
3	6	2
3	95	2
7	11	1
7	24	4
7	26	2
7	20	2
7	22	3
7	18	2
7	42	1
7	40	9
7	99	1
7	3	1
7	6	7
7	15	1
6	11	2
6	24	12
6	26	9
6	20	4
6	18	6
6	42	3
6	40	6
6	3	2
6	7	9
6	15	1
15	24	3
15	99	2
15	26	1
15	42	4
15	6	1
95	11	1
95	18	4
95	26	6
95	20	1
