11	10	5
11	26	2
11	17	1
11	22	2
11	23	6
11	55	1
11	52	1
11	64	2
11	9	1
11	8	3
10	11	7
10	26	4
10	17	4
10	22	5
10	23	13
10	52	2
10	1	2
10	64	8
10	7	5
10	9	5
10	8	6
26	11	5
26	10	5
26	22	15
26	55	9
26	18	1
26	52	3
26	1	3
26	64	15
26	7	2
26	9	3
26	8	7
17	11	3
17	10	2
17	22	2
17	23	1
17	18	1
17	52	1
17	7	1
17	9	3
17	8	1
22	11	3
22	10	7
22	26	8
22	17	1
22	23	7
22	55	2
22	18	1
22	52	3
22	1	4
22	64	5
22	9	2
22	8	10
23	11	5
23	10	21
23	26	4
23	17	4
23	22	6
23	52	2
23	64	7
23	9	1
23	8	3
55	11	1
55	10	1
55	26	6
55	17	3
55	22	2
55	23	1
55	52	4
55	1	5
55	64	1
18	8	2
18	17	1
18	10	1
52	11	3
52	10	1
52	26	1
52	22	4
52	23	3
52	55	4
52	8	2
1	11	1
1	10	4
1	26	4
1	17	4
1	22	5
1	23	3
1	55	3
1	64	10
1	9	2
1	8	3
64	11	2
64	10	9
64	26	17
64	17	1
64	22	1
64	23	12
64	55	2
64	18	1
64	52	1
64	1	2
64	7	6
64	9	3
64	8	6
7	10	3
7	26	1
7	17	1
7	23	2
7	64	3
7	9	2
7	8	1
9	10	2
9	17	1
9	22	2
9	23	2
9	55	2
9	64	1
9	7	1
9	8	3
8	11	3
8	10	9
8	26	7
8	17	1
8	22	5
8	23	6
8	55	4
8	52	1
8	1	1
8	64	8
8	7	3
8	9	1
