11	10	7
11	26	5
11	27	8
11	16	8
11	19	4
11	33	4
11	3	2
11	9	1
10	11	5
10	26	1
10	27	2
10	21	2
10	17	2
10	19	2
10	33	11
10	3	4
10	9	8
26	11	1
26	10	1
26	27	5
26	17	2
26	16	13
26	19	5
26	1	1
26	9	2
27	11	5
27	10	1
27	26	7
27	21	1
27	17	4
27	16	8
27	19	4
27	9	1
21	11	1
21	33	2
21	26	1
21	16	4
17	11	3
17	10	3
17	26	2
17	27	2
17	16	6
17	33	2
17	9	5
16	11	3
16	10	1
16	26	6
16	27	8
16	21	2
16	17	5
16	19	2
16	1	1
16	9	1
19	11	5
19	10	2
19	26	6
19	27	6
19	17	1
19	16	1
19	33	4
19	1	4
19	3	14
1	11	1
1	10	3
1	3	11
1	33	1
1	19	11
33	11	2
33	10	13
33	21	1
33	17	4
33	3	5
33	9	4
3	11	1
3	10	6
3	26	1
3	27	2
3	17	3
3	19	8
3	1	6
3	33	11
3	9	3
9	11	4
9	10	6
9	26	1
9	27	2
9	17	3
9	19	1
9	33	1
