10	77	4
10	13	2
10	27	4
10	14	8
10	23	3
10	19	2
10	32	10
10	26	1
10	1	1
10	9	1
10	8	1
10	21	8
13	10	1
13	77	2
13	14	5
13	23	7
13	32	1
13	1	4
13	9	1
13	21	5
27	9	1
27	10	1
27	13	1
27	21	8
27	19	2
77	10	1
77	13	1
77	27	3
77	14	2
77	23	3
77	19	2
77	32	4
77	9	2
77	21	5
14	10	7
14	13	4
14	27	3
14	21	6
14	23	3
14	19	1
14	32	11
14	77	5
14	9	4
23	10	5
23	13	6
23	27	1
23	77	2
23	14	5
23	19	3
23	32	6
23	1	2
23	9	1
23	21	2
19	9	3
19	10	1
19	27	2
19	14	1
19	32	5
32	10	3
32	77	8
32	14	6
32	23	7
32	19	4
32	1	1
32	9	5
1	10	3
1	13	2
1	14	2
1	23	1
1	32	1
1	77	2
1	9	4
1	8	1
1	21	1
9	10	3
9	26	1
9	27	2
9	14	3
9	19	1
9	32	3
9	21	1
8	21	1
21	10	9
21	13	5
21	27	6
21	77	6
21	14	7
21	23	1
21	1	1
21	9	1
21	8	1
