11	2	2
11	20	2
11	21	2
11	22	1
11	6	1
12	11	1
12	21	1
12	16	1
12	3	4
12	2	2
12	4	3
12	9	5
20	11	2
20	21	5
20	22	4
20	16	2
20	3	3
20	2	4
20	4	1
20	6	5
20	9	4
20	8	2
21	11	3
21	12	1
21	16	1
21	3	3
21	2	1
21	4	1
21	6	11
21	9	2
21	8	4
22	11	1
22	12	1
22	20	3
22	21	1
22	16	6
22	3	2
22	2	12
22	4	2
22	6	10
22	9	1
22	8	4
16	21	3
16	22	5
16	3	1
16	2	6
16	6	3
16	9	2
16	8	8
3	11	1
3	12	6
3	20	1
3	21	9
3	22	3
3	16	2
3	2	3
3	4	4
3	6	3
3	8	1
2	11	2
2	12	2
2	20	7
2	22	5
2	16	5
2	4	9
2	6	1
2	9	2
2	8	15
4	12	2
4	20	2
4	21	4
4	22	1
4	16	4
4	3	4
4	2	7
4	6	1
4	8	2
6	20	7
6	21	8
6	22	12
6	16	2
6	3	8
6	2	3
6	4	4
6	9	2
6	8	4
6	17	1
9	11	1
9	20	8
9	22	2
9	2	2
9	6	2
9	8	2
8	12	1
8	20	2
8	21	4
8	22	6
8	16	4
8	3	1
8	2	5
8	6	7
8	9	5
17	20	1
