11	10	2
11	20	1
11	19	5
11	6	2
11	8	5
11	87	2
10	11	1
10	20	4
10	22	1
10	16	1
10	19	4
10	30	1
10	2	3
10	6	4
10	8	4
10	87	1
24	30	1
24	22	1
24	6	2
20	11	5
20	10	4
20	16	1
20	19	2
20	6	2
20	8	3
20	87	1
22	24	1
22	10	2
22	20	2
22	16	5
22	19	1
22	34	10
22	2	1
22	6	3
22	8	2
22	87	2
16	11	1
16	10	1
16	20	3
16	22	8
16	19	2
16	34	4
16	8	6
16	87	8
19	11	4
19	10	3
19	20	7
19	16	3
19	34	1
19	8	4
19	87	2
30	19	2
34	11	1
34	10	1
34	20	1
34	22	7
34	16	3
34	19	1
34	2	2
34	6	3
34	8	2
34	87	9
2	11	1
2	10	2
2	20	2
2	22	2
2	19	1
2	6	1
2	8	2
6	11	4
6	24	1
6	22	4
6	16	2
6	19	1
6	2	4
6	8	4
8	11	9
8	10	7
8	24	1
8	20	1
8	22	1
8	16	3
8	19	8
8	6	3
8	87	7
87	11	1
87	10	1
87	20	2
87	22	4
87	16	9
87	19	3
87	34	8
87	2	3
87	24	1
87	8	7
