11	23	2
11	5	1
11	7	3
11	6	1
24	11	1
24	20	4
24	17	2
24	2	5
24	5	3
24	4	3
24	7	1
24	6	4
13	11	1
13	24	2
13	23	1
13	2	2
13	7	3
13	6	1
13	9	2
20	10	1
20	13	2
20	14	7
20	17	2
20	23	2
20	5	9
20	7	6
20	6	10
14	24	3
14	10	2
14	20	6
14	5	9
14	7	7
14	6	3
17	24	2
17	13	1
17	20	2
17	14	1
17	23	5
17	2	3
17	5	3
17	4	8
17	7	11
17	6	7
17	9	1
23	11	3
23	20	1
23	17	2
23	5	3
23	7	4
23	6	9
23	9	1
2	24	1
2	13	4
2	17	5
2	5	7
2	4	2
2	7	5
2	6	2
5	11	1
5	24	5
5	13	1
5	20	8
5	14	5
5	17	8
5	23	7
5	2	6
5	4	3
5	7	6
5	6	14
5	9	2
5	10	3
4	11	1
4	24	1
4	17	6
4	23	4
4	2	1
4	5	1
4	7	3
4	6	6
4	10	2
7	11	4
7	24	1
7	20	5
7	14	5
7	17	5
7	23	7
7	2	2
7	5	2
7	4	12
7	6	8
7	9	1
7	10	1
6	24	3
6	10	6
6	20	11
6	14	7
6	17	7
6	23	4
6	2	2
6	5	14
6	4	9
6	7	5
9	10	2
9	14	1
9	17	3
9	23	1
9	7	2
9	6	1
10	20	2
10	14	2
10	5	2
10	4	1
10	7	2
10	6	7
10	9	3
