11	15	1
11	22	2
11	19	3
11	2	2
11	7	3
11	9	2
11	8	1
12	11	2
12	22	13
12	16	2
12	19	2
12	3	1
12	2	2
12	4	6
12	7	9
12	9	5
12	8	15
15	11	1
15	22	8
15	16	11
15	19	11
15	1	2
15	3	4
15	2	9
15	4	2
15	7	4
15	9	2
15	8	1
22	11	3
22	12	9
22	15	7
22	16	5
22	19	12
22	4	1
22	7	10
22	9	7
22	8	20
16	12	2
16	15	10
16	22	7
16	19	15
16	3	2
16	2	1
16	7	6
16	6	2
16	9	3
16	8	7
19	11	4
19	12	1
19	15	12
19	22	10
19	16	10
19	3	5
19	2	1
19	4	6
19	7	4
19	6	2
19	9	2
19	8	15
1	12	4
1	15	2
1	3	1
1	2	2
1	4	3
1	7	1
1	6	1
1	8	1
3	12	1
3	15	4
3	22	2
3	16	4
3	19	2
3	1	2
3	6	1
3	9	1
3	8	5
2	11	1
2	12	1
2	15	8
2	22	3
2	16	1
2	19	1
2	1	3
2	4	6
2	9	1
2	8	3
4	12	15
4	15	1
4	22	4
4	16	3
4	19	3
4	1	1
4	2	1
4	7	2
4	8	11
7	11	2
7	12	4
7	15	2
7	22	6
7	16	6
7	19	4
7	4	1
7	9	8
7	8	6
6	12	7
6	15	1
6	1	1
6	3	1
6	7	1
6	8	3
9	11	1
9	12	4
9	15	3
9	22	6
9	16	4
9	19	1
9	4	1
9	7	5
9	8	4
8	11	2
8	12	15
8	15	6
8	22	19
8	16	10
8	19	21
8	3	2
8	2	4
8	4	3
8	7	9
8	9	7
