11	24	1
11	10	13
11	20	1
11	18	9
11	3	2
11	5	2
11	4	1
11	9	3
11	8	16
10	11	14
10	24	5
10	20	10
10	18	3
10	3	5
10	5	11
10	4	7
10	9	4
10	8	16
20	24	1
20	10	15
20	14	1
20	3	13
20	5	5
20	4	14
20	9	2
20	8	2
14	11	2
14	10	3
14	18	1
14	3	3
14	5	3
14	24	3
14	8	1
18	11	11
18	10	2
18	1	3
18	3	2
18	5	5
18	24	9
18	9	4
18	8	16
1	11	1
1	24	5
1	20	4
1	14	2
1	18	2
1	3	12
3	11	2
3	10	16
3	20	19
3	14	2
3	18	3
3	1	8
3	5	11
3	4	15
3	24	24
3	9	3
3	8	1
5	11	4
5	10	19
5	20	3
5	14	2
5	18	6
5	3	7
5	4	4
5	24	9
5	8	7
4	11	1
4	10	9
4	20	9
4	18	1
4	1	1
4	3	13
4	5	9
4	24	7
4	9	2
4	8	2
24	11	4
24	10	2
24	20	2
24	18	13
24	1	1
24	3	34
24	5	5
24	4	6
24	9	1
24	8	14
9	11	3
9	10	4
9	20	1
9	14	1
9	18	1
9	5	2
9	4	1
8	11	13
8	10	13
8	20	3
8	14	4
8	18	16
8	3	4
8	5	7
8	4	4
8	24	6
8	9	2
