11	33	11
11	44	2
11	28	4
11	29	5
11	5	7
11	66	1
11	8	15
10	8	3
10	44	1
10	5	1
10	29	2
10	17	4
21	11	1
21	17	1
21	44	1
21	28	1
21	29	4
21	8	1
17	11	1
17	10	3
17	21	1
17	33	3
17	44	2
17	30	2
17	29	2
17	74	1
17	5	2
17	66	1
17	8	2
33	11	10
33	10	1
33	21	2
33	17	1
33	44	2
33	30	6
33	28	1
33	29	9
33	74	1
33	5	18
33	66	2
33	6	2
33	8	15
44	10	2
44	21	1
44	17	4
44	33	6
44	30	10
44	28	8
44	29	7
44	74	1
44	5	4
44	66	6
44	8	5
30	11	1
30	21	1
30	17	1
30	33	9
30	44	9
30	28	1
30	5	11
30	6	1
30	8	2
28	11	5
28	21	2
28	33	1
28	44	7
28	29	7
28	5	1
28	66	9
28	6	3
28	8	8
29	11	8
29	10	3
29	21	4
29	17	2
29	33	8
29	44	3
29	28	8
29	74	1
29	66	3
29	6	4
29	8	13
74	8	2
74	29	2
74	17	1
5	11	5
5	10	1
5	17	1
5	33	15
5	44	4
5	30	4
5	28	2
5	29	2
5	74	1
5	66	2
5	6	5
5	8	11
66	11	1
66	10	2
66	21	2
66	17	1
66	44	9
66	28	9
66	29	4
66	6	3
66	8	3
6	21	2
6	33	1
6	44	6
6	28	1
6	29	3
6	5	5
6	66	2
6	8	4
8	11	16
8	10	2
8	17	3
8	33	21
8	44	4
8	30	3
8	28	8
8	29	12
8	74	1
8	5	4
8	66	6
8	6	2
