10	26	1
10	12	5
10	15	1
10	21	3
10	19	6
10	9	3
10	20	1
13	10	1
13	26	1
13	12	8
13	21	2
13	17	2
13	19	7
13	9	2
13	8	3
12	10	3
12	13	11
12	15	4
12	21	6
12	19	14
12	20	7
12	2	2
12	8	4
15	10	5
15	26	2
15	12	2
15	21	2
15	17	1
15	23	4
15	19	10
15	1	2
15	2	2
15	9	2
15	8	5
21	10	1
21	13	8
21	12	7
21	15	7
21	17	2
21	23	3
21	19	4
21	20	2
21	2	5
21	9	3
21	8	9
17	8	1
17	13	5
23	10	3
23	15	5
23	21	1
23	19	2
23	1	2
23	2	4
23	9	3
23	8	1
19	10	9
19	13	5
19	12	12
19	15	13
19	21	3
19	26	2
19	20	8
19	2	3
19	9	5
19	8	3
26	10	2
26	13	1
26	15	1
26	23	1
26	2	1
26	8	1
20	9	1
20	10	1
20	12	5
20	2	7
20	19	5
1	10	1
1	12	1
1	15	1
1	23	1
1	19	1
1	2	3
1	9	1
1	20	3
2	10	2
2	13	3
2	12	4
2	15	2
2	21	7
2	23	6
2	19	5
2	20	1
2	1	3
2	8	1
9	10	2
9	13	1
9	15	2
9	21	1
9	19	4
9	20	2
9	2	1
9	8	2
8	10	5
8	12	8
8	15	6
8	21	5
8	17	2
8	23	1
8	19	4
8	2	1
8	9	3
8	20	1
