24	10	5
24	20	1
24	21	3
24	22	2
24	19	1
24	28	4
24	1	3
24	2	3
24	4	1
24	6	2
10	24	3
10	13	1
10	21	4
10	22	4
10	19	1
10	28	9
10	2	5
10	4	2
10	7	9
10	6	1
10	17	3
13	10	1
20	10	2
20	17	1
21	24	6
21	10	7
21	22	1
21	19	2
21	28	3
21	2	5
21	4	2
21	6	2
22	10	4
22	21	1
22	28	1
22	2	1
22	4	2
22	7	5
19	24	1
19	10	2
19	21	1
19	22	1
19	2	3
19	7	1
28	24	2
28	10	10
28	20	2
28	21	7
28	22	1
28	19	1
28	2	5
28	4	3
28	7	4
28	17	1
1	24	2
1	13	1
1	22	4
1	19	1
1	28	4
1	4	1
1	7	1
1	6	1
2	24	5
2	10	3
2	21	5
2	22	2
2	19	4
2	28	2
2	1	2
2	6	1
4	10	6
4	21	3
4	22	1
4	28	6
4	1	2
4	2	1
4	7	5
4	6	1
7	10	3
7	21	3
7	22	1
7	28	3
7	2	1
7	4	1
7	17	3
6	24	1
6	10	2
6	28	1
6	1	2
6	2	1
6	7	2
17	20	1
17	10	3
17	28	2
17	4	1
17	21	1
