11	10	5
11	20	3
11	21	1
11	17	5
11	19	3
11	30	2
11	33	1
11	4	2
10	11	5
10	20	3
10	21	1
10	17	6
10	19	7
10	30	4
10	33	3
10	7	3
10	9	1
12	11	2
12	10	1
12	33	7
12	30	1
12	50	4
12	4	4
12	7	2
20	11	3
20	10	2
20	21	2
20	17	3
20	19	1
20	30	4
20	50	7
20	33	1
20	4	2
20	7	5
20	9	2
21	11	1
21	10	4
21	20	3
21	19	4
21	30	1
21	50	4
21	33	4
21	5	5
21	7	2
17	11	3
17	10	2
17	20	2
17	19	2
17	30	2
17	50	3
17	4	2
17	7	4
19	11	3
19	10	21
19	12	3
19	21	5
19	17	2
19	33	6
19	30	6
19	4	1
19	7	6
19	9	1
30	11	4
30	10	4
30	12	1
30	20	4
30	21	1
30	17	3
30	19	3
30	50	4
30	33	4
30	4	5
30	7	12
50	11	4
50	12	1
50	20	9
50	21	4
50	30	1
50	5	4
50	4	4
50	7	7
33	11	1
33	10	3
33	12	1
33	20	1
33	21	6
33	17	1
33	19	24
33	30	7
33	5	1
33	4	18
33	7	7
5	11	1
5	33	3
5	20	1
5	50	5
5	21	1
4	11	1
4	20	3
4	21	3
4	33	16
4	30	11
4	50	12
4	5	1
4	7	13
7	11	2
7	10	8
7	12	3
7	20	6
7	21	2
7	17	3
7	19	7
7	30	5
7	50	8
7	33	11
7	4	14
9	19	1
9	20	1
