25	13	1
25	22	1
25	16	2
25	19	2
25	55	4
25	62	6
25	4	3
25	7	1
25	8	3
25	81	2
13	25	1
13	22	9
13	33	1
13	55	2
13	4	1
13	7	3
13	81	3
22	13	2
22	33	4
22	42	1
22	55	2
22	62	2
22	7	2
22	8	1
16	25	3
16	13	6
16	22	3
16	19	1
16	55	1
16	62	1
16	4	3
16	7	1
16	9	2
19	25	3
19	13	1
19	16	5
19	33	1
19	55	1
19	62	4
19	4	1
19	9	2
19	8	1
19	81	1
55	25	6
55	13	2
55	22	1
55	33	2
55	4	3
55	9	2
55	8	3
55	81	1
42	9	1
42	25	1
42	8	2
33	22	4
33	16	1
33	55	4
33	62	1
33	4	4
33	9	2
33	81	2
62	13	1
62	22	1
62	7	1
62	9	1
62	8	1
62	81	1
4	25	3
4	13	3
4	22	1
4	16	3
4	19	5
4	55	3
4	33	4
4	8	1
7	25	2
7	13	1
7	22	1
7	19	1
7	4	2
7	9	1
7	8	1
9	25	2
9	13	1
9	22	2
9	19	2
9	55	1
9	33	1
9	62	2
9	4	4
9	8	1
8	55	1
8	13	2
8	62	2
8	7	3
81	25	1
81	22	1
81	19	1
81	55	1
81	62	1
81	4	1
81	33	1
