11	10	2
11	26	5
11	77	2
11	14	2
11	23	1
11	99	2
11	6	1
11	91	1
11	90	1
11	92	1
10	26	4
10	14	3
10	30	1
10	99	1
10	6	1
10	90	1
26	11	3
26	10	3
26	77	2
26	14	1
26	23	2
26	99	1
26	6	5
26	91	1
26	90	1
30	11	1
30	10	2
30	14	5
30	23	1
30	99	2
30	7	1
30	91	2
30	90	1
77	11	1
77	99	1
77	26	1
77	30	1
77	14	1
14	11	3
14	10	2
14	77	4
14	23	1
14	30	4
14	99	2
14	16	3
14	7	1
14	6	3
14	91	4
14	90	4
23	11	1
23	77	2
23	26	2
23	16	5
23	99	1
23	6	3
16	11	1
16	10	1
16	26	1
16	23	6
16	99	4
16	90	3
99	10	2
99	26	1
99	30	2
99	7	2
99	91	2
99	90	1
7	99	3
7	26	2
7	92	1
7	14	3
7	6	1
6	11	1
6	26	2
6	14	3
6	16	3
6	30	1
6	90	1
91	11	4
91	26	2
91	14	4
91	23	1
91	30	2
91	99	3
91	90	2
90	91	1
90	10	1
90	30	3
90	14	2
90	7	1
92	7	1
