11	19	1
11	44	1
11	38	3
11	23	2
10	13	6
10	38	14
10	14	2
10	23	3
10	18	5
10	44	9
10	1	1
10	5	5
10	7	1
10	8	2
13	11	1
13	10	2
13	38	7
13	14	7
13	23	6
13	18	1
13	44	3
13	1	1
13	5	1
13	4	12
13	7	1
38	11	1
38	10	11
38	13	7
38	14	8
38	23	4
38	19	1
38	18	5
38	44	6
38	5	1
38	7	6
38	8	1
14	10	3
14	13	6
14	38	9
14	23	5
14	19	1
14	18	1
14	44	8
14	4	2
14	7	2
14	8	2
23	11	2
23	10	3
23	13	5
23	38	5
23	14	9
23	19	2
23	18	5
23	44	9
23	5	8
23	4	6
23	7	1
19	11	1
19	13	1
19	23	3
19	14	1
19	44	1
18	10	13
18	38	7
18	14	5
18	23	4
18	19	2
18	44	9
18	1	1
18	5	4
18	4	1
18	7	1
18	8	2
44	10	9
44	13	6
44	38	10
44	14	5
44	23	4
44	19	1
44	18	19
44	1	1
44	5	3
44	4	13
44	7	4
44	8	3
1	11	2
1	13	1
1	38	1
1	14	1
1	44	1
1	5	2
1	4	6
5	10	6
5	13	6
5	38	1
5	23	4
5	18	12
5	44	13
5	1	2
5	4	9
5	7	1
5	8	6
4	10	1
4	13	9
4	38	4
4	14	2
4	23	6
4	19	1
4	18	1
4	44	11
4	1	3
4	5	20
4	7	2
4	8	4
7	13	4
7	38	3
7	14	4
7	18	1
7	5	1
7	4	1
7	8	1
8	10	2
8	13	4
8	38	2
8	14	5
8	18	2
8	44	3
8	1	1
8	5	1
8	4	4
8	7	2
