11	19	1
11	4	1
11	22	1
10	11	3
10	15	2
10	23	2
10	19	5
10	2	4
10	5	2
10	4	4
10	9	2
10	20	3
15	10	2
15	20	4
15	17	13
15	23	8
15	19	13
15	2	5
15	5	8
15	4	10
15	7	1
22	2	3
22	23	1
17	15	9
17	23	7
17	19	4
17	1	4
17	5	18
17	4	10
17	20	3
23	15	8
23	17	6
23	19	3
23	5	1
23	4	2
23	7	2
23	9	2
23	20	10
19	10	8
19	15	6
19	17	2
19	23	8
19	2	11
19	5	2
19	4	4
19	9	3
19	20	10
1	15	1
1	5	6
1	4	1
1	17	9
2	10	8
2	15	2
2	22	1
2	17	1
2	19	3
2	1	1
2	5	9
2	4	5
2	7	2
2	9	2
2	20	1
5	10	4
5	15	10
5	22	1
5	17	8
5	23	2
5	19	7
5	1	6
5	2	11
5	4	11
5	7	3
5	20	1
4	10	5
4	15	9
4	17	9
4	23	7
4	19	12
4	1	1
4	2	8
4	5	13
4	7	1
4	9	1
4	20	4
7	10	3
7	15	2
7	22	1
7	5	1
7	4	2
7	20	1
9	10	1
9	15	1
9	19	4
9	2	1
9	4	1
9	20	2
20	10	1
20	15	6
20	17	1
20	23	9
20	19	3
20	1	1
20	2	1
20	5	2
20	4	6
20	9	1
