11	12	2
11	15	3
11	14	2
11	17	12
11	19	4
11	28	1
11	3	4
11	2	3
11	5	1
11	6	3
11	8	3
13	11	1
13	12	3
13	17	2
13	19	1
13	5	5
13	6	3
12	11	2
12	8	1
12	2	1
12	17	1
12	19	1
15	11	3
15	12	2
15	17	1
15	19	1
15	3	1
15	2	3
15	5	6
15	8	2
14	17	1
14	6	1
17	11	4
17	12	2
17	15	4
17	14	1
17	19	5
17	28	3
17	34	1
17	3	2
17	2	1
17	5	2
17	6	3
17	8	3
19	11	13
19	12	2
19	15	7
19	17	6
19	34	2
19	3	3
19	2	10
19	5	12
19	6	3
19	8	10
28	2	2
28	5	1
28	14	1
28	17	1
28	34	1
34	11	1
34	17	2
34	19	2
34	28	1
34	2	4
34	6	1
3	11	6
3	12	3
3	17	4
3	19	3
3	5	1
3	6	9
3	8	6
2	11	2
2	13	2
2	15	14
2	17	1
2	19	6
2	28	10
2	34	1
2	5	7
2	6	1
2	8	3
5	11	4
5	13	2
5	12	3
5	14	2
5	17	6
5	19	17
5	34	3
5	3	1
5	2	15
5	6	11
5	8	13
6	11	3
6	13	1
6	15	1
6	17	3
6	19	14
6	34	2
6	3	6
6	2	1
6	5	20
6	8	3
8	11	5
8	15	4
8	17	4
8	19	11
8	3	8
8	2	4
8	5	4
8	6	6
