11	25	11
11	20	5
11	14	1
11	17	7
11	10	1
11	30	1
11	42	3
11	3	1
11	7	8
11	8	2
11	21	3
25	11	12
25	20	10
25	14	2
25	17	1
25	30	3
25	42	24
25	3	11
25	4	6
25	7	4
25	8	9
25	21	9
20	11	15
20	25	10
20	21	1
20	17	1
20	30	6
20	42	10
20	1	2
20	3	2
20	4	9
20	8	2
14	11	1
14	8	1
14	3	2
14	42	3
14	21	6
17	11	1
17	25	2
17	20	1
17	21	3
17	10	1
17	30	1
17	42	4
17	4	1
17	8	1
10	11	1
10	42	1
10	30	1
10	20	2
30	11	1
30	25	2
30	20	7
30	21	1
30	10	1
30	42	2
30	3	6
42	11	4
42	25	23
42	20	10
42	14	4
42	17	2
42	10	1
42	30	3
42	3	8
42	4	7
42	7	5
42	8	7
42	21	10
1	8	1
1	42	1
1	20	2
1	4	4
1	14	1
3	25	7
3	21	5
3	10	1
3	30	4
3	42	8
3	1	1
3	4	9
3	7	2
3	8	10
4	11	1
4	25	8
4	20	11
4	14	2
4	42	8
4	1	1
4	3	8
4	7	1
4	8	2
4	21	3
7	11	9
7	25	3
7	21	6
7	4	1
7	8	1
7	14	1
8	11	1
8	25	6
8	20	1
8	14	5
8	30	1
8	42	8
8	3	6
8	21	13
21	11	5
21	25	10
21	20	3
21	14	2
21	17	1
21	42	8
21	3	5
21	4	1
21	7	9
21	8	10
