11	25	2
11	21	3
11	17	2
11	23	11
11	18	8
11	29	2
11	6	6
11	9	2
11	14	2
25	11	1
25	14	2
25	23	4
25	29	1
25	1	2
25	6	6
25	9	2
25	21	6
27	11	4
27	25	1
27	14	13
27	17	17
27	23	9
27	19	1
27	18	5
27	1	10
27	6	7
27	9	2
27	32	1
27	21	1
14	11	10
14	25	3
14	27	10
14	21	6
14	17	8
14	23	11
14	18	6
14	6	17
17	11	3
17	25	3
17	27	19
17	14	7
17	23	4
17	18	4
17	1	8
17	6	11
17	9	1
17	21	6
23	11	5
23	25	3
23	27	6
23	14	12
23	17	9
23	18	12
23	29	3
23	6	13
23	9	1
23	21	3
19	18	2
19	25	1
18	11	8
18	27	7
18	14	10
18	17	2
18	23	15
18	19	1
18	32	2
18	29	2
18	1	2
18	6	6
18	9	1
29	19	1
29	32	1
29	21	1
29	23	5
1	11	1
1	27	9
1	21	3
1	17	8
1	23	2
1	19	1
1	18	1
1	29	1
1	6	1
1	32	2
1	14	7
6	11	12
6	25	12
6	27	10
6	21	15
6	17	7
6	23	8
6	18	9
6	29	2
6	32	2
6	9	2
6	14	11
9	18	2
9	25	2
9	17	1
9	6	2
32	27	3
32	21	2
32	19	1
32	18	1
32	29	1
32	6	1
21	11	3
21	25	4
21	27	1
21	14	3
21	17	8
21	23	2
21	18	1
21	29	2
21	1	1
21	6	15
21	9	1
21	32	1
