24	10	3
24	22	1
24	19	1
24	28	2
24	36	3
24	1	1
24	5	3
24	4	14
24	7	1
24	6	10
24	8	2
10	14	3
10	22	2
10	19	10
10	18	2
10	28	5
10	36	7
10	4	11
10	7	1
10	6	6
10	8	12
14	5	1
14	4	4
14	7	5
14	6	1
22	8	2
22	36	2
22	28	1
22	4	3
22	10	1
19	10	9
19	14	1
19	28	1
19	36	1
19	5	1
19	4	2
19	7	1
19	6	1
19	8	2
18	10	2
18	22	2
18	19	1
18	28	6
18	36	2
18	5	2
18	4	5
18	7	1
18	8	4
28	14	1
28	22	3
28	19	3
28	18	8
28	36	7
28	1	1
28	5	5
28	4	18
28	8	5
36	24	5
36	10	7
36	19	4
36	18	2
36	28	10
36	4	13
36	7	2
36	6	5
36	8	6
1	24	5
1	19	1
1	5	8
1	4	1
1	6	1
5	24	5
5	18	1
5	28	5
5	36	3
5	1	2
5	4	15
5	7	1
5	6	1
5	8	2
4	24	2
4	10	21
4	14	4
4	22	3
4	19	10
4	18	9
4	28	17
4	36	10
4	5	3
4	7	8
4	6	13
4	8	15
7	24	1
7	10	2
7	14	3
7	18	1
7	5	3
7	4	5
7	6	4
6	24	3
6	10	16
6	14	4
6	19	2
6	18	1
6	28	2
6	36	5
6	1	2
6	5	2
6	4	12
6	8	2
8	24	4
8	10	8
8	19	4
8	18	2
8	28	1
8	36	12
8	4	10
