11	19	2
11	25	3
11	4	3
11	90	1
11	29	1
25	19	4
25	2	4
25	20	1
25	4	1
25	34	3
20	11	2
20	17	3
20	19	5
20	5	5
20	4	2
20	6	1
22	19	1
17	20	2
17	19	5
17	29	1
17	34	4
17	2	9
17	5	5
17	4	6
17	6	5
23	19	2
23	25	1
23	34	6
23	2	3
23	6	8
19	11	5
19	25	2
19	20	5
19	17	5
19	23	1
19	29	2
19	34	4
19	2	5
19	5	2
19	4	7
19	6	6
19	90	2
29	11	1
29	90	1
29	5	1
29	17	2
34	25	2
34	17	9
34	23	8
34	19	4
34	2	7
34	5	3
34	4	3
34	6	16
2	11	3
2	25	5
2	23	2
2	19	1
2	34	7
2	4	5
2	6	4
2	90	4
5	19	4
5	6	2
5	20	7
5	4	3
5	23	4
4	11	2
4	25	3
4	20	2
4	17	4
4	19	6
4	29	1
4	34	4
4	2	2
4	5	4
4	6	2
4	90	1
6	20	2
6	17	6
6	23	10
6	19	1
6	34	12
6	2	3
6	5	13
6	4	3
90	17	1
90	22	1
90	19	2
90	29	1
90	34	1
90	2	4
