11	24	2
11	20	3
11	14	1
11	16	3
11	35	1
11	3	1
11	4	3
11	9	1
25	9	5
25	11	1
25	44	2
25	16	1
26	24	1
26	20	1
26	14	1
26	16	1
26	3	2
26	4	2
26	9	3
20	9	1
20	11	4
20	24	2
20	35	1
20	16	4
14	24	3
14	16	2
14	3	2
14	2	1
14	4	2
14	9	1
16	11	2
16	20	5
16	14	1
16	44	3
16	35	1
16	3	5
16	2	1
16	4	6
16	9	2
44	11	3
44	26	2
44	20	2
44	16	3
44	3	1
44	9	4
35	11	1
35	44	1
35	20	1
3	11	1
3	14	5
3	2	2
3	4	6
3	7	1
3	9	2
2	25	1
2	16	1
2	3	2
2	4	1
2	7	1
2	9	1
4	11	2
4	25	1
4	20	2
4	14	6
4	16	7
4	44	2
4	3	3
4	7	1
4	9	2
7	16	1
24	9	1
24	11	2
24	3	1
24	26	1
24	4	1
9	11	3
9	24	2
9	14	2
9	16	2
9	44	1
9	4	5
