11	10	6
11	27	1
11	14	1
11	17	1
11	16	6
11	6	3
11	8	1
10	11	6
10	24	1
10	13	3
10	27	1
10	14	1
10	16	4
10	28	3
10	4	3
10	6	2
10	9	1
10	8	4
13	11	2
13	24	2
13	27	3
13	17	9
13	16	2
13	4	3
27	11	1
27	10	5
27	13	2
27	16	7
27	24	3
27	28	5
27	1	2
27	4	5
27	6	2
27	9	1
27	8	4
14	10	1
14	8	2
17	11	5
17	10	2
17	13	4
17	14	1
17	16	6
17	24	10
17	28	1
17	1	1
17	6	4
17	8	5
16	11	2
16	10	4
16	13	2
16	27	5
16	14	1
16	17	6
16	24	3
16	28	3
16	4	1
16	6	4
16	9	1
16	8	4
24	10	5
24	13	1
24	27	1
24	14	1
24	17	13
24	16	1
24	28	1
24	1	8
24	4	8
24	6	6
28	11	2
28	24	1
28	13	2
28	27	1
28	17	1
28	4	3
28	6	2
28	8	1
1	11	1
1	10	2
1	13	1
1	27	2
1	16	1
1	24	4
1	28	4
1	4	3
1	6	1
4	24	9
4	10	2
4	27	9
4	16	2
4	28	2
4	1	3
4	6	2
4	8	2
6	11	2
6	10	2
6	13	2
6	27	7
6	17	3
6	16	8
6	28	2
6	1	1
6	4	1
6	24	3
6	8	5
9	10	1
9	17	1
9	16	1
8	11	3
8	10	2
8	27	3
8	17	4
8	16	3
8	24	3
8	1	1
8	4	1
8	6	6
