24	10	2
24	15	2
24	14	1
24	17	2
24	23	6
24	18	2
24	2	2
24	5	2
10	11	1
10	15	14
10	14	6
10	17	3
10	23	2
10	18	6
10	2	14
10	5	5
10	7	9
10	9	1
10	8	12
10	21	17
15	24	1
15	10	14
15	14	10
15	17	1
15	23	7
15	18	4
15	2	8
15	5	7
15	7	1
15	11	6
15	8	3
15	21	8
14	24	2
14	10	7
14	15	9
14	21	5
14	23	10
14	18	2
14	5	1
14	7	2
14	11	10
17	10	2
17	2	7
17	5	1
17	21	1
17	7	1
23	24	2
23	10	17
23	15	11
23	14	12
23	18	3
23	2	1
23	5	7
23	11	3
23	21	5
18	10	10
18	15	3
18	14	5
18	23	3
18	2	5
18	5	7
18	7	1
18	8	3
9	14	1
9	7	1
9	21	4
2	24	1
2	11	1
2	15	7
2	21	1
2	17	6
2	10	3
2	18	4
2	23	1
2	5	3
2	7	3
2	8	11
5	24	2
5	10	17
5	15	4
5	14	1
5	17	2
5	23	11
5	18	5
5	2	5
5	7	1
5	8	2
7	24	1
7	11	2
7	15	1
7	14	1
7	10	6
7	18	2
7	2	4
7	5	1
7	8	1
7	21	2
11	10	3
11	15	2
11	14	8
11	7	1
11	18	3
8	11	1
8	10	7
8	15	1
8	23	1
8	18	1
8	2	9
8	5	1
8	7	2
21	10	4
21	15	6
21	14	12
21	23	3
21	5	2
21	7	2
21	9	5
