11	24	2
11	15	1
11	17	1
11	22	2
11	18	1
11	4	3
11	7	4
10	14	5
10	22	2
10	19	3
10	18	2
10	1	2
10	7	1
10	6	1
15	1	1
15	10	2
15	4	1
15	22	1
15	11	1
14	10	5
14	17	3
14	7	1
14	6	1
17	11	2
17	10	2
17	15	1
17	14	4
17	22	3
17	24	2
17	18	2
17	1	1
17	19	1
17	4	2
17	7	2
17	6	3
17	21	1
24	11	3
24	22	5
24	17	1
24	19	4
24	18	1
24	1	1
24	4	7
24	6	4
18	11	1
18	10	4
18	15	1
18	14	2
18	17	2
18	24	1
18	1	8
18	19	1
18	4	9
18	6	6
22	11	3
22	10	1
22	15	1
22	17	4
22	19	1
22	4	3
22	6	2
1	11	1
1	10	1
1	22	2
1	19	1
1	4	2
1	24	1
19	24	2
19	22	1
19	4	2
19	17	1
19	6	4
4	11	3
4	10	2
4	15	2
4	14	2
4	22	1
4	24	3
4	18	8
4	1	3
4	19	1
4	7	1
4	6	14
4	21	2
7	11	3
7	10	1
7	14	1
7	17	3
7	6	2
6	11	2
6	10	2
6	15	1
6	14	1
6	17	6
6	19	6
6	18	8
6	22	1
6	1	4
6	4	8
6	7	2
6	24	5
6	21	2
21	24	1
21	15	1
21	17	1
21	22	1
21	18	1
21	6	1
