13	14	1
13	42	2
13	62	4
13	77	1
13	3	1
13	5	5
13	7	3
13	8	1
20	62	1
20	42	1
20	23	1
14	77	1
14	13	1
14	62	3
14	7	2
22	13	5
22	16	2
22	33	1
22	42	1
22	77	2
22	62	3
22	5	1
22	7	5
22	8	3
16	33	1
16	3	3
16	62	1
16	22	1
16	23	2
33	8	3
33	3	1
33	22	5
33	7	1
33	16	2
23	8	1
23	3	2
23	20	1
23	62	3
23	7	1
42	8	2
42	62	1
42	22	1
62	13	1
62	14	2
62	22	2
62	16	1
62	23	2
62	42	2
62	7	1
62	8	2
77	8	1
77	13	1
77	14	1
77	7	2
3	13	2
3	20	2
3	16	3
3	33	1
3	23	1
3	5	1
3	8	2
5	13	3
5	14	2
5	22	1
5	33	3
5	77	1
5	3	1
5	7	2
5	8	2
7	13	5
7	22	4
7	23	1
7	62	1
7	77	1
7	3	1
7	5	1
7	8	4
8	13	2
8	22	6
8	16	1
8	33	3
8	23	4
8	42	2
8	77	1
8	3	1
8	5	2
8	7	4
