24	10	1
24	25	2
24	18	3
24	42	4
24	35	2
24	3	1
24	2	5
24	4	3
24	66	11
10	24	1
10	25	5
10	18	3
10	42	4
10	88	2
10	3	2
10	4	1
10	66	9
15	66	1
25	24	2
25	10	4
25	23	4
25	18	7
25	42	3
25	88	2
25	3	3
25	2	3
25	4	2
25	66	8
18	24	1
18	10	1
18	25	3
18	23	2
18	88	4
18	3	2
18	2	6
18	66	3
23	18	2
23	3	1
23	2	3
23	66	1
23	25	2
42	24	1
42	10	5
42	25	3
42	88	1
42	35	1
42	3	1
42	4	5
42	66	5
88	10	3
88	2	1
88	25	1
88	18	4
35	24	2
35	10	1
35	15	1
35	25	1
35	18	1
35	3	1
35	2	1
35	4	4
35	66	1
3	24	4
3	10	5
3	25	2
3	23	2
3	88	1
3	2	1
3	4	4
3	66	7
2	24	4
2	10	1
2	15	2
2	25	1
2	18	10
2	23	1
2	42	1
2	88	1
2	35	1
2	3	1
2	4	6
2	66	4
4	24	6
4	10	6
4	25	3
4	23	1
4	42	7
4	88	1
4	35	1
4	3	2
4	2	2
4	66	7
66	24	5
66	10	8
66	15	2
66	25	12
66	18	5
66	23	4
66	42	9
66	88	6
66	3	4
66	2	5
66	4	2
