24	14	1
24	33	2
24	7	1
24	9	1
24	8	2
24	21	1
25	24	1
25	20	3
25	21	2
25	3	4
25	4	1
25	7	1
25	8	3
25	14	1
20	24	3
20	25	1
20	21	3
20	33	9
20	11	5
20	4	4
20	7	3
20	6	5
20	9	4
20	8	6
21	24	1
21	20	1
21	33	2
21	3	7
21	4	9
21	7	1
21	6	1
21	8	2
33	9	1
33	8	2
33	20	13
33	7	1
3	11	1
3	25	2
3	21	4
3	7	7
3	6	2
3	9	2
3	8	8
3	14	5
11	9	1
11	8	1
11	20	2
11	4	1
4	25	2
4	20	12
4	21	5
4	3	1
4	7	2
4	6	9
4	8	10
7	24	2
7	25	1
7	20	4
7	14	1
7	3	9
7	4	3
7	6	2
7	8	3
6	24	2
6	25	1
6	20	9
6	14	4
6	33	2
6	3	11
6	4	14
6	7	4
6	9	3
6	8	6
9	24	1
9	11	1
9	14	3
9	33	2
9	3	2
9	7	2
9	6	1
9	8	1
8	24	2
8	25	1
8	20	8
8	21	4
8	33	7
8	3	11
8	4	5
8	7	6
8	6	12
8	9	1
8	14	1
14	24	1
14	11	1
14	3	2
14	7	3
14	6	2
14	9	3
