11	10	2
11	14	1
11	22	1
11	18	5
11	5	1
11	4	2
11	6	3
11	9	3
10	11	2
10	12	2
10	15	3
10	21	3
10	22	8
10	18	2
10	5	7
10	4	7
10	7	2
10	6	9
10	9	5
12	14	2
12	22	1
12	18	1
12	5	3
12	6	2
12	9	1
12	21	3
15	10	1
15	14	24
15	22	10
15	18	1
15	1	6
15	5	15
15	4	8
15	6	3
15	9	2
15	21	4
14	11	1
14	10	1
14	12	1
14	15	22
14	22	6
14	18	11
14	1	12
14	5	7
14	4	3
14	6	13
14	9	4
22	10	11
22	12	1
22	15	6
22	14	3
22	5	3
22	4	13
22	7	2
22	9	9
18	11	7
18	10	1
18	15	2
18	14	13
18	22	1
18	1	1
18	5	4
18	7	2
18	6	12
18	9	2
1	11	1
1	15	5
1	14	10
1	22	5
1	18	2
1	5	1
1	6	2
5	10	14
5	12	4
5	15	11
5	14	14
5	22	4
5	18	6
5	4	7
5	6	9
5	9	4
5	21	3
4	11	1
4	10	10
4	15	9
4	14	5
4	22	8
4	18	3
4	1	3
4	5	9
4	6	2
4	9	4
7	10	1
7	18	1
7	6	1
6	11	9
6	10	8
6	12	5
6	15	5
6	14	6
6	22	7
6	18	8
6	1	1
6	5	12
6	4	8
6	7	2
6	9	4
9	11	4
9	10	5
9	12	1
9	15	4
9	22	4
9	18	1
9	5	2
9	4	3
9	6	2
21	15	2
21	10	5
21	12	2
21	5	2
21	14	2
