11	10	2
11	26	1
11	38	4
11	16	1
11	19	1
11	7	4
11	8	1
10	11	2
10	26	3
10	38	6
10	21	1
10	19	2
10	1	1
10	5	1
10	7	1
10	9	2
10	8	8
26	10	1
26	38	3
26	19	1
26	1	1
26	5	1
26	7	2
26	9	2
26	8	2
38	11	2
38	10	3
38	26	1
38	21	1
38	19	1
38	7	5
38	9	1
21	11	2
21	10	2
21	38	3
21	17	1
21	19	1
21	1	6
21	5	4
21	7	3
21	8	1
17	8	1
17	5	1
17	10	1
16	11	1
16	10	1
16	38	3
16	19	1
16	1	1
16	5	2
16	9	1
16	8	1
19	11	3
19	10	2
19	26	1
19	16	1
19	5	1
19	7	1
19	8	1
1	19	1
1	5	1
1	21	5
1	7	1
1	16	1
5	11	1
5	10	2
5	26	1
5	21	2
5	16	3
5	19	1
5	1	3
5	8	1
7	11	2
7	10	3
7	38	3
7	21	1
7	19	1
7	9	1
7	8	1
9	11	1
9	10	2
9	26	2
9	38	2
9	21	1
9	17	1
9	16	1
9	23	2
9	8	1
8	11	5
8	10	2
8	38	4
8	21	4
8	16	3
8	19	2
8	5	3
8	7	1
8	9	1
