26	21	3
26	16	6
26	44	5
26	28	2
26	3	4
26	5	2
26	7	3
26	8	1
26	79	3
26	78	1
21	26	3
21	16	4
21	44	4
21	28	1
21	5	5
21	7	1
21	9	1
21	8	3
21	79	4
16	26	4
16	21	4
16	46	2
16	44	2
16	30	4
16	28	12
16	3	6
16	5	2
16	7	3
16	9	1
16	8	3
16	79	4
46	9	1
46	44	1
46	28	1
44	26	2
44	21	2
44	46	2
44	30	1
44	3	1
44	5	5
44	7	2
30	46	1
30	26	1
30	28	3
30	16	1
28	26	2
28	21	1
28	16	11
28	46	1
28	44	1
28	3	7
28	5	1
28	7	1
28	9	1
28	8	2
28	79	1
28	78	3
3	26	4
3	21	2
3	16	8
3	30	1
3	28	6
3	5	6
3	8	2
3	79	1
3	78	1
5	26	3
5	21	3
5	16	2
5	46	1
5	44	5
5	28	3
5	3	8
5	7	4
5	78	3
7	26	1
7	21	1
7	16	3
7	44	1
7	28	2
7	3	1
7	79	4
9	30	1
9	21	1
8	26	4
8	21	1
8	16	1
8	28	3
8	3	1
8	7	1
8	79	2
79	26	2
79	21	2
79	16	5
79	44	2
79	28	2
79	7	2
79	8	1
78	21	1
78	16	3
78	30	1
78	3	1
78	5	1
78	8	1
