11	14	1
11	17	1
11	23	1
11	18	1
11	2	1
11	7	1
11	8	1
10	17	2
10	23	5
10	19	10
10	2	2
10	4	2
10	7	6
10	9	5
10	8	6
12	11	2
12	17	1
12	23	14
12	19	3
12	2	6
12	4	12
12	7	5
12	9	5
12	8	10
17	11	3
17	10	9
17	12	1
17	23	3
17	19	10
17	1	4
17	2	9
17	4	2
17	7	3
17	9	2
17	8	5
23	10	6
23	12	17
23	17	5
23	19	12
23	4	2
23	7	10
23	9	5
23	8	23
19	11	1
19	10	10
19	12	3
19	17	13
19	23	12
19	18	2
19	1	1
19	2	3
19	4	12
19	7	5
19	9	8
19	8	22
18	19	1
18	2	1
18	4	1
1	12	3
1	19	1
1	2	6
1	4	7
1	9	1
1	8	2
2	10	1
2	12	3
2	17	16
2	19	8
2	18	1
2	1	4
2	4	12
2	7	1
2	9	2
2	8	7
4	11	1
4	10	2
4	12	11
4	17	1
4	23	13
4	19	9
4	18	1
4	1	2
4	2	5
4	7	1
4	9	1
4	8	23
7	10	3
7	12	4
7	17	2
7	23	5
7	19	2
7	9	9
7	8	7
9	11	1
9	10	4
9	12	4
9	17	1
9	23	4
9	19	3
9	4	1
9	7	14
9	8	8
8	11	1
8	10	3
8	12	13
8	17	9
8	23	27
8	19	34
8	18	1
8	2	4
8	4	7
8	7	10
8	9	9
