24	5	1
24	22	1
10	25	1
10	12	1
10	20	5
10	21	7
10	16	1
10	2	1
10	5	1
10	9	2
12	20	1
12	2	3
12	5	1
12	25	1
20	24	1
20	10	7
20	16	3
20	2	1
20	5	7
20	4	2
20	9	3
20	25	2
21	10	4
21	22	1
21	25	1
21	19	1
21	3	1
21	2	3
21	5	1
21	4	1
21	9	1
22	24	1
22	25	1
22	3	9
22	2	1
22	5	1
22	4	8
16	10	1
16	20	3
16	21	1
16	25	5
16	2	3
16	5	3
16	4	1
16	9	2
19	10	2
19	5	1
3	10	2
3	21	6
3	22	8
3	16	2
3	2	3
3	5	2
3	4	14
3	25	12
2	10	1
2	20	1
2	21	4
2	22	2
2	16	1
2	19	1
2	3	5
2	5	1
2	4	4
2	25	3
5	25	6
5	20	11
5	21	1
5	22	5
5	16	3
5	3	1
5	4	3
5	9	1
4	10	4
4	12	2
4	20	4
4	21	1
4	22	5
4	16	2
4	3	14
4	2	4
4	5	7
4	25	4
4	9	1
9	10	2
9	20	2
9	25	4
9	16	3
9	5	1
9	4	1
25	12	1
25	20	4
25	21	2
25	22	1
25	16	5
25	19	1
25	3	12
25	2	5
25	5	7
25	4	6
25	9	1
