11	28	3
11	35	2
11	17	1
11	4	1
11	7	3
24	11	1
24	21	4
24	17	2
24	23	2
24	28	2
24	35	1
24	1	10
24	2	5
24	5	1
24	4	1
24	7	3
24	6	12
21	24	4
21	10	1
21	17	1
21	28	1
21	35	2
21	1	1
21	2	2
21	4	5
21	7	2
21	6	6
17	11	1
17	21	1
17	23	1
17	28	2
17	35	2
17	2	1
17	5	1
17	4	7
17	7	2
17	6	1
10	4	3
23	5	1
23	17	1
23	4	1
23	7	1
28	11	1
28	24	2
28	21	3
28	17	2
28	35	3
28	1	2
28	5	1
28	4	4
28	7	5
28	6	2
35	11	5
35	24	1
35	21	1
35	17	4
35	28	1
35	2	4
35	4	2
35	7	6
35	6	1
1	24	11
1	21	1
1	28	4
1	2	1
1	4	1
1	7	3
1	6	10
2	24	4
2	21	2
2	17	2
2	28	3
2	35	1
2	7	3
5	28	1
5	7	1
5	23	2
4	11	2
4	24	2
4	17	7
4	10	1
4	23	1
4	28	3
4	35	12
4	1	3
4	5	1
4	7	1
4	6	5
7	11	2
7	24	1
7	21	1
7	17	1
7	35	7
7	2	2
6	24	9
6	21	3
6	17	4
6	28	3
6	35	5
6	1	4
6	4	13
6	7	1
