10	26	1
10	21	4
10	22	2
10	23	7
10	3	1
10	6	3
10	9	1
10	8	1
10	14	3
26	10	4
26	20	1
26	21	3
26	22	1
26	23	6
26	19	6
26	37	2
26	1	1
26	3	2
26	6	3
26	9	2
26	8	13
26	14	3
20	3	1
20	23	1
20	21	1
20	6	2
21	10	2
21	26	11
21	20	1
21	14	1
21	22	20
21	23	9
21	19	6
21	1	1
21	3	11
21	6	9
21	9	1
21	8	7
22	10	5
22	21	11
22	23	7
22	19	1
22	3	15
22	6	17
22	9	1
23	10	7
23	26	10
23	21	10
23	22	5
23	19	5
23	37	1
23	1	1
23	3	2
23	6	4
23	9	3
23	8	2
23	14	1
19	10	1
19	26	8
19	21	7
19	22	2
19	23	6
19	3	13
19	6	3
19	9	1
19	8	3
19	14	1
37	20	1
37	21	1
1	26	2
1	21	3
1	22	1
1	23	1
1	19	3
1	3	4
1	6	3
1	14	1
3	10	5
3	26	4
3	20	1
3	21	19
3	22	15
3	23	4
3	19	7
3	1	2
3	6	5
3	8	6
3	14	1
6	10	8
6	26	6
6	21	8
6	22	10
6	23	5
6	3	6
6	9	3
6	8	1
6	14	1
9	8	1
9	3	1
9	10	4
9	6	1
8	10	1
8	26	12
8	21	4
8	22	1
8	23	6
8	19	3
8	3	6
8	6	2
8	9	3
8	14	1
14	10	4
14	26	1
14	20	3
14	22	1
14	23	1
14	3	1
14	6	1
