10	26	1
10	21	1
10	22	5
10	3	4
10	4	1
10	6	4
10	9	8
10	8	5
26	77	4
26	21	10
26	22	11
26	1	3
26	3	6
26	6	9
26	9	1
26	8	6
77	26	1
77	21	8
77	1	3
77	3	2
77	4	7
77	8	3
21	10	2
21	26	9
21	77	5
21	22	4
21	1	7
21	3	6
21	4	4
21	6	1
21	8	4
22	10	5
22	26	6
22	21	4
22	23	1
22	1	2
22	3	3
22	6	7
22	8	6
23	3	1
1	10	1
1	26	10
1	21	8
1	3	1
1	4	1
1	6	2
1	9	1
1	8	3
3	10	2
3	26	6
3	21	6
3	22	7
3	23	1
3	77	8
3	4	5
3	6	1
3	9	2
3	8	2
4	26	2
4	21	3
4	22	1
4	77	8
4	3	3
4	6	1
4	9	5
4	8	4
6	10	6
6	26	5
6	21	2
6	22	5
6	77	1
6	3	6
6	8	2
9	10	2
9	22	1
9	77	1
9	3	1
9	4	4
9	6	2
9	8	4
8	10	5
8	26	6
8	77	6
8	21	4
8	22	5
8	1	1
8	3	3
8	4	6
8	6	5
8	9	4
