11	9	1
11	10	2
11	14	1
11	35	1
11	18	4
10	11	1
10	14	1
10	18	1
10	30	4
10	35	4
10	34	6
10	7	2
10	9	8
20	11	1
20	10	1
20	14	1
20	33	7
20	18	2
20	35	2
20	34	1
20	4	2
20	7	1
14	11	1
14	10	2
14	33	1
14	18	18
14	30	1
14	35	8
14	4	4
14	7	3
14	9	1
33	11	1
33	10	1
33	20	3
33	30	3
33	35	2
33	34	6
33	4	6
33	7	16
33	9	1
18	11	4
18	10	2
18	14	8
18	30	5
18	35	7
18	4	2
18	7	1
18	9	1
30	11	2
30	10	11
30	14	2
30	33	1
30	18	5
30	35	3
30	34	2
30	7	3
30	9	1
35	10	3
35	20	3
35	14	16
35	33	2
35	18	6
35	30	9
35	34	2
35	4	5
35	7	6
34	11	1
34	10	9
34	20	1
34	14	1
34	33	3
34	18	2
34	30	3
34	35	1
34	9	1
4	11	2
4	10	1
4	20	2
4	14	9
4	33	11
4	18	2
4	30	2
4	35	5
4	34	1
4	7	3
7	10	4
7	14	4
7	33	10
7	18	3
7	30	2
7	35	10
7	34	4
7	4	6
7	9	1
9	10	1
9	34	1
9	30	5
9	18	2
