24	9	1
24	29	1
77	14	3
77	17	4
77	23	9
77	29	3
77	36	4
77	4	5
77	9	1
77	41	1
26	14	3
26	36	1
26	41	12
26	1	1
26	9	1
26	29	8
14	77	3
14	26	4
14	17	6
14	23	5
14	18	1
14	29	9
14	36	2
14	1	1
14	4	5
14	9	4
14	41	11
17	26	2
17	14	6
17	23	4
17	18	1
17	36	2
17	41	7
17	77	6
17	4	2
17	9	2
23	26	4
23	14	7
23	17	3
23	18	1
23	29	6
23	36	3
23	77	9
23	4	4
23	9	4
23	41	3
18	77	1
18	41	4
18	14	1
18	17	2
18	23	1
29	77	3
29	26	7
29	14	1
29	23	3
29	41	1
29	1	1
29	4	15
29	9	2
36	77	1
36	14	4
36	17	5
36	23	2
36	41	5
36	1	1
36	4	1
1	14	2
1	23	1
1	29	2
1	41	4
1	4	1
1	9	1
4	77	9
4	26	1
4	14	4
4	17	1
4	23	4
4	29	4
4	36	1
4	1	1
4	9	2
9	24	1
9	14	2
9	17	3
9	23	3
9	36	2
9	41	2
9	77	4
9	4	1
41	26	10
41	14	5
41	17	2
41	23	5
41	18	5
41	36	7
41	1	3
41	9	2
