15	20	2
15	21	7
15	17	4
15	16	5
15	19	1
15	18	1
15	23	4
15	3	2
15	4	2
15	8	1
21	15	7
21	17	5
21	16	6
21	19	6
21	1	2
21	4	13
21	8	2
17	15	5
17	21	2
17	16	11
17	19	7
17	18	2
17	23	3
17	3	2
17	4	2
17	7	1
16	15	11
16	21	4
16	17	6
16	23	1
16	19	7
16	18	7
16	20	2
16	3	6
16	4	10
16	7	3
16	9	1
16	8	9
19	15	3
19	21	7
19	17	9
19	16	4
19	18	2
19	23	1
19	20	1
19	3	5
19	4	2
19	8	8
18	15	1
18	21	1
18	17	4
18	16	5
18	19	4
18	20	5
18	1	3
18	3	15
18	4	11
18	8	21
23	15	1
23	21	1
23	17	2
23	16	4
23	19	1
23	18	1
23	4	1
20	15	1
20	21	1
20	17	2
20	16	5
20	18	4
20	1	1
20	3	4
1	21	1
1	17	1
1	19	1
1	18	6
1	3	4
1	4	4
3	15	3
3	17	5
3	16	5
3	19	7
3	18	17
3	23	1
3	20	3
3	8	1
4	15	6
4	21	4
4	16	11
4	19	7
4	18	16
4	20	1
4	1	8
4	8	15
7	16	1
8	15	5
8	21	13
8	17	11
8	16	13
8	19	7
8	18	7
8	3	6
8	4	11
