10	42	1
10	5	1
10	22	2
10	7	1
10	8	5
26	10	1
26	22	17
26	16	2
26	42	8
26	35	3
26	1	1
26	5	3
26	4	5
26	7	7
26	6	7
26	8	10
26	25	1
15	26	4
15	22	1
15	16	3
15	42	6
15	5	6
15	4	2
15	6	4
22	10	2
22	26	4
22	16	5
22	42	6
22	35	5
22	4	1
22	7	21
22	6	11
22	8	11
22	25	1
16	10	1
16	15	1
16	22	1
16	42	6
16	35	2
16	5	2
16	7	1
16	6	2
16	8	2
42	10	1
42	26	7
42	15	1
42	22	9
42	16	5
42	35	7
42	5	12
42	4	4
42	7	11
42	6	12
42	8	7
42	25	1
35	26	1
35	15	2
35	22	3
35	16	2
35	42	7
35	5	1
35	7	4
35	6	6
1	25	1
1	26	6
1	10	1
1	4	4
1	7	1
1	8	1
5	10	2
5	26	3
5	15	14
5	16	4
5	42	10
5	1	1
5	4	9
5	7	8
5	6	5
5	8	2
5	25	2
4	25	1
4	26	11
4	15	2
4	42	5
4	1	5
4	5	13
4	7	4
4	6	13
4	8	3
7	10	1
7	26	5
7	15	2
7	22	10
7	16	6
7	42	6
7	35	5
7	5	7
7	4	6
7	8	5
7	25	1
6	25	5
6	26	11
6	15	5
6	22	11
6	16	1
6	42	15
6	35	8
6	5	9
6	4	5
6	7	6
8	10	4
8	26	2
8	22	9
8	16	3
8	42	14
8	5	5
8	4	2
8	7	2
8	6	5
8	25	2
25	10	1
25	22	2
25	16	1
25	42	4
25	4	2
25	7	2
25	6	2
25	8	2
