11	10	5
11	14	1
11	22	1
11	19	2
11	3	1
11	2	3
11	4	2
11	8	1
10	11	9
10	14	1
10	22	3
10	19	3
10	3	8
10	2	4
10	4	7
10	7	3
10	8	7
26	10	3
26	21	12
26	22	2
26	1	1
26	3	10
26	2	9
26	5	12
26	4	6
26	8	4
14	11	2
14	26	1
14	21	1
14	22	2
14	3	1
14	2	6
14	5	5
14	4	2
22	11	3
22	10	4
22	14	4
22	3	2
22	2	2
22	5	1
22	4	2
22	21	3
19	11	1
19	10	3
19	26	1
19	21	2
19	8	1
1	10	1
1	26	1
1	3	2
1	2	2
1	5	3
1	4	5
3	10	7
3	26	6
3	21	8
3	22	2
3	19	1
3	5	2
3	4	7
3	8	3
2	10	7
2	26	4
2	14	3
2	22	1
2	19	1
2	1	1
2	3	1
2	5	8
2	4	11
2	8	3
2	21	7
5	10	1
5	26	13
5	21	9
5	19	1
5	1	3
5	3	2
5	2	8
5	4	13
5	7	6
5	8	2
4	11	13
4	10	12
4	26	4
4	14	8
4	22	6
4	19	2
4	3	5
4	2	4
4	5	9
4	7	1
4	8	7
4	21	15
7	11	1
7	10	1
7	21	1
7	5	1
7	4	2
7	8	5
8	11	2
8	10	5
8	26	1
8	21	2
8	19	5
8	3	2
8	2	5
8	4	5
8	7	1
21	10	6
21	26	7
21	14	1
21	22	3
21	19	2
21	3	8
21	2	4
21	5	8
21	4	23
21	7	4
21	8	3
