25	12	2
25	20	1
25	22	1
25	7	4
25	9	1
25	15	1
13	25	2
13	12	4
13	20	1
13	23	4
13	33	1
13	3	2
13	7	4
13	9	2
13	15	4
12	13	4
12	20	6
12	22	9
12	23	3
12	33	5
12	18	1
12	1	3
12	3	3
12	4	6
12	7	2
12	9	4
12	15	5
15	13	4
15	12	6
15	22	1
15	23	7
15	33	11
15	3	2
15	4	6
15	7	2
15	9	1
22	25	1
22	12	6
22	20	7
22	18	3
22	1	4
22	4	2
22	7	1
22	15	3
23	25	1
23	13	4
23	12	1
23	15	3
23	33	4
23	4	1
23	7	4
33	25	1
33	13	4
33	12	11
33	15	6
33	23	5
33	1	4
33	3	1
33	4	6
33	7	1
33	9	1
33	20	1
18	9	1
18	25	1
18	3	2
18	12	2
18	4	2
1	33	8
1	12	1
1	15	1
1	4	5
1	23	3
3	13	2
3	12	2
3	15	3
3	18	2
3	4	4
3	9	1
4	25	1
4	13	1
4	12	5
4	20	2
4	22	4
4	33	2
4	18	3
4	1	4
4	3	1
4	7	1
4	9	3
4	15	5
7	25	2
7	13	3
7	12	2
7	20	3
7	22	4
7	23	1
7	33	2
7	15	1
9	18	2
9	13	1
9	12	3
9	15	2
9	22	2
20	25	1
20	13	3
20	12	3
20	15	1
20	22	6
20	7	1
