24	20	2
24	21	3
24	23	7
24	19	2
24	18	8
24	29	3
24	50	2
24	4	4
24	8	1
10	19	1
10	8	1
10	31	3
10	20	1
20	24	8
20	10	1
20	21	2
20	23	2
20	18	9
20	29	1
20	50	2
20	4	3
21	24	8
21	20	8
21	22	1
21	23	13
21	19	5
21	18	6
21	37	6
21	29	1
21	50	8
21	4	4
22	10	1
22	20	1
22	21	2
22	19	1
22	18	2
22	37	5
22	4	3
22	8	1
23	24	7
23	20	2
23	21	12
23	19	6
23	18	4
23	37	7
23	29	2
23	50	5
23	4	4
19	10	1
19	20	1
19	21	5
19	23	5
19	18	1
19	31	3
19	37	4
19	29	1
19	50	13
19	4	1
19	8	2
18	24	4
18	10	1
18	20	10
18	21	10
18	22	3
18	23	2
18	19	1
18	31	1
18	29	5
18	4	8
18	8	3
31	19	1
31	8	3
31	20	2
31	10	1
37	20	1
37	21	5
37	22	4
37	23	5
37	19	7
37	18	1
37	4	2
37	8	3
29	24	2
29	21	6
29	23	1
29	19	1
29	18	5
29	50	1
29	4	2
50	20	1
50	21	5
50	23	12
50	19	11
50	18	1
50	29	1
4	24	2
4	20	2
4	21	3
4	22	4
4	19	1
4	18	12
4	29	4
4	50	2
4	8	2
8	24	1
8	10	4
8	20	2
8	19	2
8	18	2
8	31	1
8	37	2
8	29	1
