11	10	3
11	20	8
11	17	1
11	33	4
11	18	1
11	44	1
11	28	1
11	29	8
11	6	1
11	8	3
10	11	2
10	20	2
10	33	3
10	18	1
10	44	2
10	29	1
10	6	1
10	8	3
13	20	1
13	17	2
13	18	1
13	44	12
13	30	1
13	28	7
13	29	3
13	6	3
20	11	5
20	10	3
20	13	5
20	17	7
20	33	12
20	18	5
20	44	6
20	28	2
20	29	6
20	6	5
20	9	1
20	8	1
17	11	1
17	13	5
17	20	10
17	33	16
17	18	5
17	44	7
17	28	8
17	29	5
17	6	5
17	9	2
33	11	4
33	10	1
33	13	2
33	20	15
33	17	11
33	18	4
33	44	11
33	28	5
33	29	5
33	6	6
33	8	6
18	11	1
18	13	2
18	17	5
18	33	10
18	44	15
18	30	2
18	28	1
18	6	6
18	8	2
44	11	1
44	10	1
44	13	8
44	20	9
44	17	13
44	33	5
44	18	9
44	30	2
44	28	14
44	29	5
44	6	6
44	9	2
44	8	4
30	33	2
30	18	5
30	44	2
30	20	2
30	28	1
28	11	1
28	13	8
28	20	4
28	17	9
28	33	3
28	18	3
28	44	3
28	29	6
28	6	9
28	9	2
28	8	2
29	11	7
29	13	1
29	20	2
29	33	4
29	18	1
29	44	4
29	28	4
29	6	5
29	9	9
29	8	1
6	11	1
6	10	1
6	13	5
6	20	5
6	17	10
6	33	7
6	18	3
6	44	8
6	30	1
6	28	8
6	29	2
6	9	1
6	8	2
9	33	3
9	11	2
9	13	1
9	28	1
9	29	4
8	11	5
8	10	6
8	20	2
8	33	3
8	44	2
8	29	2
8	6	2
8	9	1
