24	20	1
24	22	1
24	16	1
24	28	1
24	35	1
24	4	2
24	7	1
25	20	3
25	22	1
25	16	1
25	44	3
25	28	1
25	4	6
27	3	1
27	4	1
20	24	1
20	25	3
20	27	3
20	15	1
20	22	2
20	16	8
20	28	2
20	35	2
20	3	3
20	2	1
20	4	2
20	7	3
22	24	2
22	25	1
22	20	2
22	35	1
22	4	1
22	7	5
16	24	3
16	25	9
16	20	5
16	22	5
16	44	2
16	28	1
16	35	1
16	3	5
16	2	3
16	4	1
16	7	1
16	15	2
44	25	2
44	20	1
44	22	1
44	16	1
44	28	6
44	35	2
44	4	2
44	7	1
28	24	2
28	25	1
28	20	1
28	22	4
28	16	1
28	35	1
28	2	1
28	4	1
35	24	3
35	20	3
35	22	1
35	28	2
35	2	1
35	7	2
35	15	2
3	44	2
3	27	2
3	4	6
3	7	1
3	16	3
2	15	2
2	20	1
2	28	1
2	35	1
4	27	1
4	20	2
4	22	2
4	16	3
4	44	1
4	28	2
4	35	1
4	3	4
4	7	4
7	25	1
7	15	1
7	22	3
7	16	3
7	4	1
7	20	1
15	27	1
15	2	1
15	35	3
15	16	1
