11	9	3
11	8	1
11	30	1
11	5	2
11	10	5
10	11	6
10	14	2
10	30	4
10	28	3
10	5	5
10	70	3
10	9	9
10	8	2
26	33	2
26	44	3
26	30	3
26	28	2
26	5	2
26	9	1
14	9	3
14	30	1
14	5	1
33	26	1
33	30	2
33	28	2
33	44	1
44	26	1
44	14	1
44	28	5
44	5	2
44	70	3
44	9	1
44	8	1
30	11	3
30	10	5
30	26	3
30	14	2
30	33	1
30	44	2
30	5	4
30	70	2
30	9	5
30	8	2
28	11	3
28	10	2
28	33	2
28	44	4
28	5	6
28	70	1
28	9	4
28	8	5
39	9	1
39	30	1
5	11	2
5	10	8
5	26	3
5	14	1
5	44	1
5	30	2
5	28	8
5	70	9
5	9	3
5	8	2
70	11	1
70	10	6
70	26	1
70	14	2
70	30	8
70	28	1
70	5	9
70	9	3
70	8	2
9	11	2
9	10	9
9	26	1
9	14	1
9	30	3
9	28	3
9	39	1
9	5	2
9	70	4
9	8	6
8	11	1
8	10	3
8	26	1
8	44	1
8	30	2
8	28	3
8	5	4
8	70	2
8	9	1
