11	16	2
11	30	1
11	3	1
11	2	5
11	4	1
11	6	3
11	9	2
11	8	1
26	11	1
26	12	2
26	16	2
26	18	2
26	30	4
26	3	2
26	4	3
26	6	4
26	8	11
12	11	1
12	26	3
12	3	2
12	2	1
12	4	4
12	9	3
16	11	5
16	26	2
16	30	2
16	36	2
16	3	1
16	2	5
16	4	2
16	6	4
16	9	6
16	8	3
18	26	1
30	11	2
30	26	9
30	16	3
30	2	4
30	4	4
30	6	1
30	8	5
36	18	1
36	2	2
36	7	1
36	16	1
3	26	9
3	12	5
3	16	1
3	4	3
3	6	2
3	9	3
3	8	2
2	11	7
2	26	1
2	16	5
2	30	3
2	4	5
2	7	3
2	6	2
2	9	3
2	8	1
4	11	3
4	26	3
4	12	2
4	16	1
4	30	2
4	3	5
4	2	16
4	7	1
4	6	2
4	9	5
4	8	1
7	2	1
7	36	1
7	30	1
6	26	2
6	12	3
6	16	2
6	30	4
6	3	2
6	2	3
6	4	4
6	7	1
6	9	2
6	8	2
9	11	1
9	26	2
9	16	1
9	30	2
9	36	1
9	2	3
9	7	1
9	8	1
8	11	1
8	26	4
8	12	2
8	16	3
8	30	6
8	4	4
8	6	2
8	9	3
