11	5	1
11	14	1
11	17	2
10	14	1
10	3	1
10	2	3
10	5	5
10	7	2
10	6	7
10	8	5
26	11	1
26	10	5
26	17	1
26	22	2
26	16	1
26	19	1
26	5	4
26	7	2
26	6	10
26	8	3
14	10	3
14	26	1
14	3	3
14	2	9
14	5	1
14	7	1
14	6	5
14	8	6
22	10	1
22	26	4
22	16	4
22	19	2
22	3	1
22	2	1
22	5	3
22	7	1
22	6	4
22	8	2
16	11	2
16	10	1
16	26	7
16	14	2
16	22	2
16	3	1
16	7	1
19	11	1
19	26	1
19	14	1
19	2	1
19	7	1
19	6	1
3	11	1
3	26	3
3	14	3
3	22	2
3	16	4
3	19	1
3	2	1
3	6	4
3	8	3
2	10	4
2	26	2
2	14	7
2	16	1
2	3	2
2	5	1
2	8	5
5	26	2
5	14	5
5	22	2
5	16	1
5	3	2
5	2	3
5	7	1
5	6	1
5	8	6
17	19	1
17	14	1
7	10	2
7	26	3
7	19	1
7	2	2
7	5	1
7	6	7
7	8	1
6	10	3
6	26	7
6	14	5
6	22	3
6	19	1
6	3	1
6	2	1
6	5	7
6	17	1
6	7	7
6	8	2
8	10	5
8	26	7
8	14	9
8	22	4
8	3	6
8	2	3
8	5	2
8	6	3
