11	25	2
11	20	7
11	17	1
11	19	10
11	36	2
11	33	1
11	7	6
25	33	6
25	36	7
25	7	4
25	34	7
39	10	1
39	21	3
39	36	2
39	7	1
39	34	2
20	11	8
20	25	7
20	17	6
20	16	5
20	19	3
20	36	4
20	34	5
20	1	1
20	33	11
20	7	2
21	10	4
21	39	5
21	17	2
21	16	2
21	19	1
21	34	3
21	1	1
21	33	1
17	11	2
17	10	2
17	20	4
17	21	2
17	16	14
17	19	14
17	1	6
17	33	9
17	7	2
16	25	2
16	39	1
16	20	3
16	21	5
16	17	12
16	10	1
16	19	10
16	36	3
16	34	5
16	1	7
16	33	6
19	11	14
19	20	11
19	17	5
19	16	2
19	33	6
19	36	3
19	34	1
19	1	3
19	7	6
36	11	3
36	25	7
36	39	1
36	20	2
36	17	1
36	10	1
36	33	1
36	34	3
36	7	4
34	11	1
34	25	8
34	20	1
34	21	2
34	16	11
34	33	14
34	36	1
34	1	1
34	7	2
1	11	1
1	20	2
1	17	6
1	16	9
1	19	1
1	36	2
1	33	3
33	11	1
33	25	11
33	39	1
33	20	13
33	21	1
33	17	8
33	16	8
33	19	1
33	36	3
33	34	14
33	1	1
33	10	2
7	11	2
7	25	4
7	39	1
7	20	3
7	21	1
7	10	1
7	19	7
7	36	3
7	34	1
7	33	2
10	39	2
10	20	1
10	21	2
10	16	2
10	19	2
10	34	1
10	7	3
