11	17	1
11	22	7
11	19	1
11	28	1
11	3	1
11	6	2
11	8	2
24	19	1
24	18	2
24	28	2
24	1	2
24	3	1
24	2	6
24	6	5
22	11	3
22	17	4
22	23	1
22	19	3
22	28	6
22	1	1
22	3	8
22	2	4
22	7	2
22	6	3
22	8	7
17	24	1
17	22	2
17	23	1
17	19	2
17	2	10
17	7	1
17	8	9
23	3	2
23	7	1
23	17	1
19	11	2
19	17	1
19	22	1
19	7	2
19	6	1
19	8	1
28	11	1
28	24	5
28	22	3
28	17	3
28	19	1
28	1	2
28	3	4
28	2	4
28	7	1
28	8	5
1	19	1
1	2	1
1	28	1
1	17	1
1	6	2
3	11	3
3	24	1
3	17	1
3	22	3
3	23	1
3	28	2
3	1	1
3	6	3
2	24	3
2	17	8
2	22	4
2	19	1
2	28	5
2	7	1
2	6	3
2	8	2
7	22	2
7	23	1
7	19	1
7	28	3
7	6	1
7	8	2
6	24	4
6	11	3
6	22	4
6	28	3
6	1	2
6	3	1
6	7	1
6	8	2
8	11	2
8	24	3
8	17	10
8	22	5
8	23	1
8	19	4
8	28	2
8	3	3
8	2	7
8	7	1
