11	13	3
11	27	1
11	20	2
11	21	3
11	17	1
11	18	1
11	5	1
11	7	1
11	9	1
13	11	4
13	27	2
13	20	2
13	21	19
13	17	8
13	19	10
13	18	3
13	34	1
13	1	2
13	3	7
13	5	10
13	7	2
13	9	6
27	11	1
27	13	2
27	21	4
27	17	3
27	19	1
27	18	8
27	3	3
27	5	5
27	7	11
27	9	2
20	11	1
20	13	1
20	21	1
20	19	1
20	34	1
20	5	3
21	11	4
21	13	18
21	27	3
21	20	1
21	17	4
21	19	7
21	1	1
21	3	9
21	5	16
21	7	5
21	9	9
17	13	3
17	27	12
17	20	1
17	21	5
17	19	6
17	18	16
17	34	1
17	1	4
17	3	11
17	5	7
17	7	15
17	9	2
19	13	10
19	27	1
19	21	5
19	17	1
19	18	3
19	1	1
19	3	4
19	5	3
19	7	5
19	9	2
18	27	7
18	21	1
18	17	15
18	19	4
18	34	2
18	1	1
18	3	2
18	7	19
18	9	2
34	19	1
34	11	1
34	13	1
34	20	1
34	17	2
1	13	2
1	27	1
1	21	2
1	17	8
1	18	1
1	3	2
1	5	4
1	7	1
3	13	11
3	27	3
3	21	7
3	17	5
3	19	4
3	18	7
3	1	1
3	5	10
3	7	3
3	9	1
5	11	1
5	13	16
5	27	2
5	21	18
5	17	24
5	19	4
5	1	3
5	3	7
5	7	4
5	9	1
7	11	1
7	13	4
7	27	10
7	20	2
7	21	6
7	17	4
7	19	7
7	18	13
7	3	4
7	5	2
7	9	4
9	13	1
9	27	1
9	21	5
9	17	2
9	19	5
9	18	1
9	34	1
9	7	3
