27	55	4
27	8	3
27	80	3
27	16	1
15	12	2
15	21	2
15	16	12
15	55	13
15	18	4
15	80	3
15	84	3
21	17	1
21	16	2
21	55	5
21	18	2
21	7	2
21	80	1
17	27	1
17	15	3
17	16	5
17	55	1
17	18	5
17	99	1
17	12	1
17	7	1
17	8	5
17	80	1
17	84	3
16	27	1
16	15	6
16	21	1
16	17	16
16	55	1
16	18	3
16	99	1
16	12	1
16	7	1
16	9	1
16	8	3
16	84	6
55	27	4
55	15	10
55	21	6
55	16	1
55	18	8
55	99	1
55	7	5
55	9	1
55	8	3
55	80	16
55	84	1
18	27	2
18	15	8
18	21	3
18	17	3
18	16	7
18	55	4
18	99	1
18	12	2
18	7	5
18	9	1
18	8	3
18	80	3
18	84	8
99	15	1
99	16	3
99	18	2
99	7	1
99	8	2
99	84	1
12	55	1
12	18	3
12	84	4
12	17	2
12	7	3
7	15	2
7	21	1
7	55	3
7	18	3
7	99	2
7	8	2
7	80	11
7	84	8
9	8	1
9	80	1
9	84	1
8	27	2
8	17	3
8	16	6
8	55	6
8	18	5
8	7	4
8	80	5
8	84	8
80	12	3
80	15	1
80	21	1
80	55	10
80	18	5
80	99	2
80	7	12
80	9	1
80	8	6
80	84	11
84	12	4
84	15	1
84	21	1
84	17	6
84	16	3
84	55	3
84	18	8
84	99	2
84	7	6
84	9	2
84	8	4
84	80	10
