11	10	4
11	26	1
11	17	4
11	25	2
11	37	5
11	5	5
11	7	7
11	6	3
10	11	2
10	25	3
10	26	14
10	17	5
10	37	2
10	5	1
10	7	5
10	6	1
10	8	7
26	11	3
26	10	9
26	17	1
26	1	3
26	5	4
26	4	13
26	7	4
26	6	6
26	9	1
26	8	3
17	11	2
17	10	6
17	37	3
17	5	3
17	7	1
17	6	1
17	9	3
25	11	2
25	10	4
25	26	2
25	17	1
25	37	13
25	1	3
25	5	8
25	4	5
25	7	1
25	6	6
25	8	1
37	11	13
37	10	1
37	17	4
37	25	10
37	1	4
37	5	11
37	4	1
37	7	3
37	6	2
37	9	1
37	8	1
1	11	1
1	25	8
1	26	4
1	37	4
1	4	9
5	11	2
5	10	3
5	26	7
5	17	5
5	25	9
5	37	12
5	1	3
5	4	6
5	7	5
5	6	2
5	8	1
4	11	2
4	25	8
4	26	16
4	37	3
4	1	6
4	5	6
4	6	4
4	8	2
7	11	8
7	10	2
7	26	3
7	17	2
7	37	4
7	1	1
7	5	3
7	4	2
7	6	1
6	11	3
6	10	3
6	26	6
6	25	2
6	37	5
6	1	1
6	5	3
6	4	6
6	7	2
9	10	1
9	5	1
9	17	2
8	10	8
8	26	1
8	17	2
8	25	2
8	37	1
8	5	2
8	9	1
