10	39	3
10	38	2
10	15	4
10	22	1
10	19	4
10	18	4
10	31	4
10	7	3
39	10	4
39	20	1
39	22	1
39	19	6
39	18	3
39	31	1
39	45	1
39	7	6
39	32	2
39	15	4
38	10	1
38	39	1
38	19	1
38	18	4
38	31	3
38	45	1
15	10	2
15	39	1
15	38	1
15	20	1
15	19	1
15	18	1
15	31	1
22	39	2
22	20	1
22	19	1
22	31	2
22	1	2
22	3	2
19	10	5
19	39	4
19	20	2
19	22	1
19	18	6
19	31	5
19	45	2
19	3	4
19	7	4
19	32	2
19	15	3
18	10	2
18	39	1
18	38	4
18	15	1
18	19	6
18	31	4
18	45	1
18	1	2
18	3	3
18	7	1
18	20	4
31	10	3
31	39	6
31	38	1
31	15	1
31	19	5
31	18	7
31	1	1
31	3	2
31	7	3
31	32	1
31	20	1
45	19	1
45	10	1
45	31	1
45	39	1
45	18	1
1	38	2
1	22	3
1	19	1
1	18	1
1	45	1
1	3	1
1	7	1
1	32	1
3	39	2
3	20	1
3	22	1
3	19	2
3	18	5
3	31	1
3	1	1
3	7	3
7	10	4
7	39	7
7	20	1
7	19	1
7	18	1
7	31	4
7	45	1
7	3	1
7	32	1
7	15	1
32	1	1
32	39	3
32	3	1
32	31	1
32	7	1
20	19	5
20	10	1
20	31	3
20	15	2
20	18	1
