27	14	11
27	17	11
27	23	18
27	32	7
27	30	1
27	22	5
27	2	10
27	7	14
27	9	3
27	8	25
15	14	1
15	17	2
15	23	2
15	30	1
15	4	1
15	8	1
14	27	9
14	15	2
14	22	10
14	17	22
14	23	8
14	32	11
14	30	1
14	2	6
14	7	5
14	9	2
14	8	16
17	27	13
17	15	2
17	14	19
17	22	15
17	32	16
17	2	3
17	7	2
17	9	3
17	8	22
23	27	20
23	15	3
23	14	3
23	32	3
23	30	4
23	2	17
23	4	1
23	7	19
23	9	2
23	8	4
32	27	4
32	14	6
32	17	23
32	23	4
32	30	4
32	22	1
32	2	20
32	7	1
32	8	10
30	8	3
30	27	1
30	2	6
30	17	3
30	32	2
22	27	5
22	14	3
22	17	11
22	23	2
22	32	1
22	2	2
22	7	1
22	9	3
22	8	4
2	27	17
2	14	10
2	17	7
2	23	19
2	32	17
2	30	2
2	7	4
2	8	15
4	2	1
4	17	1
4	23	1
7	27	12
7	14	4
7	23	13
7	32	2
7	2	4
7	9	2
7	8	9
9	27	2
9	14	4
9	17	1
9	22	1
9	2	2
9	4	1
9	7	2
9	8	2
8	27	27
8	15	1
8	14	30
8	17	16
8	23	9
8	32	10
8	30	1
8	22	3
8	2	9
8	7	8
8	9	3
