10	26	2
10	15	1
10	21	4
10	23	5
10	19	1
10	37	1
10	33	3
10	3	1
10	9	2
10	8	8
26	10	3
26	15	1
26	21	5
26	37	3
26	9	3
26	8	5
15	10	1
15	26	5
15	21	5
15	23	2
15	19	5
15	1	1
15	9	1
15	8	3
21	10	13
21	15	5
21	23	3
21	19	2
21	37	1
21	20	1
21	33	4
21	3	5
21	9	5
21	8	5
23	10	9
23	26	1
23	15	1
23	21	3
23	19	5
23	1	1
23	33	7
23	3	10
23	9	4
23	14	1
19	10	2
19	26	4
19	15	1
19	21	2
19	23	4
19	37	1
19	1	1
19	3	6
19	9	3
19	8	2
37	10	1
37	26	4
37	15	1
37	21	1
37	14	1
20	3	1
1	26	1
1	15	1
1	21	4
1	23	4
1	19	1
1	3	4
1	14	2
33	21	2
33	23	6
33	19	2
33	1	1
33	3	3
33	9	2
33	8	3
33	14	1
3	10	2
3	20	1
3	21	8
3	23	7
3	19	4
3	1	1
3	33	7
3	9	1
3	8	1
3	14	1
9	10	1
9	26	2
9	15	1
9	21	3
9	23	2
9	33	2
9	8	2
8	10	3
8	26	9
8	15	3
8	21	3
8	23	1
8	19	1
8	3	2
8	9	2
8	14	3
14	10	3
14	26	2
14	21	1
14	23	2
14	33	1
14	8	1
