25	27	6
25	14	2
25	17	3
25	23	3
25	32	2
25	30	1
25	22	3
25	2	1
25	5	4
25	4	3
27	25	2
27	14	10
27	17	1
27	23	5
27	32	2
27	22	5
27	2	1
27	5	5
27	4	7
27	7	3
27	9	3
14	25	1
14	27	9
14	17	8
14	22	3
14	23	1
14	32	4
14	5	4
14	4	3
14	9	2
17	25	3
17	27	8
17	14	11
17	22	2
17	32	2
17	5	2
17	4	4
17	9	4
23	25	5
23	27	4
23	22	6
23	32	1
23	30	1
23	2	1
23	5	4
23	4	5
23	9	2
32	27	3
32	22	2
32	17	6
32	23	2
32	30	1
32	5	1
32	4	3
32	7	1
32	9	2
30	25	3
30	27	2
30	5	1
30	4	5
30	17	3
22	25	6
22	27	4
22	14	1
22	17	3
22	23	3
22	5	1
22	9	3
2	5	2
2	4	2
2	22	1
2	23	2
5	25	5
5	27	5
5	17	3
5	22	1
5	23	3
5	32	5
5	30	5
5	2	3
5	4	4
5	7	1
5	14	4
4	25	3
4	27	5
4	14	11
4	17	5
4	23	4
4	32	1
4	30	2
4	22	1
4	2	1
4	5	6
4	7	1
4	9	4
7	9	1
7	32	1
7	27	4
7	4	1
7	23	1
9	25	2
9	27	7
9	17	2
9	22	3
9	23	2
9	4	1
9	7	2
9	14	2
