24	15	1
24	23	3
24	28	3
24	1	4
24	3	2
24	2	11
24	5	4
24	9	1
24	8	3
12	9	1
12	8	1
15	24	1
15	17	5
15	22	3
15	23	2
15	28	1
15	3	4
15	2	10
15	5	3
15	9	1
15	8	9
22	24	3
22	15	3
22	17	1
22	23	5
22	28	5
22	3	10
22	2	4
22	5	2
22	9	2
22	8	8
17	15	6
17	22	2
17	28	3
17	3	5
17	2	3
17	8	1
23	15	2
23	17	2
23	22	4
23	28	1
23	3	7
23	9	1
23	8	3
18	17	1
28	24	3
28	15	4
28	22	2
28	17	5
28	23	4
28	1	1
28	3	8
28	2	3
28	5	6
28	8	2
1	24	3
1	23	1
1	28	1
1	3	2
1	2	1
1	5	5
1	8	2
3	15	2
3	22	12
3	17	5
3	28	7
3	1	1
3	2	4
3	5	9
3	9	1
3	8	3
2	24	2
2	15	15
2	17	3
2	22	5
2	23	2
2	28	2
2	1	3
2	5	2
2	8	11
5	24	12
5	15	1
5	22	3
5	23	4
5	28	2
5	1	8
5	3	12
5	2	4
5	8	3
9	8	1
9	2	1
9	22	1
9	23	1
8	24	3
8	15	6
8	17	2
8	22	6
8	23	3
8	18	1
8	28	6
8	3	7
8	2	12
8	5	5
8	9	1
