11	10	4
11	20	1
11	14	3
11	18	13
11	3	1
11	5	1
11	4	1
11	7	6
11	6	5
11	9	3
11	8	4
10	11	5
10	20	3
10	14	1
10	22	20
10	18	3
10	3	3
10	5	1
10	4	4
10	7	1
10	6	8
10	9	4
10	8	7
20	11	1
20	14	6
20	22	3
20	18	4
20	3	1
20	4	6
20	7	4
20	6	5
14	11	1
14	10	3
14	20	4
14	22	6
14	18	17
14	1	6
14	3	4
14	5	1
14	4	8
14	7	2
14	6	8
14	8	3
22	11	1
22	10	25
22	20	3
22	18	1
22	3	8
22	5	7
22	4	17
22	7	1
22	6	2
22	9	3
22	8	3
18	11	25
18	10	3
18	20	1
18	14	13
18	22	2
18	1	1
18	3	1
18	5	4
18	4	1
18	7	2
18	6	13
18	8	21
1	11	1
1	14	9
1	22	1
1	18	8
1	3	6
1	5	1
1	4	2
1	6	1
1	9	1
3	10	4
3	20	4
3	14	9
3	22	9
3	18	2
3	1	7
3	4	4
3	6	3
3	9	1
5	11	1
5	10	5
5	14	4
5	22	8
5	18	4
5	4	6
5	6	2
5	9	3
5	8	1
4	11	1
4	10	19
4	20	3
4	14	3
4	22	18
4	18	3
4	1	2
4	3	11
4	5	3
4	6	4
4	9	3
4	8	2
7	11	2
7	10	1
7	20	1
7	22	1
7	18	2
7	4	3
7	6	6
6	11	11
6	10	4
6	20	8
6	14	6
6	22	2
6	18	11
6	3	2
6	5	3
6	4	7
6	7	2
6	9	1
9	11	3
9	10	3
9	22	6
9	18	1
9	5	1
9	4	5
9	8	3
8	11	4
8	10	2
8	14	2
8	22	2
8	18	15
8	3	6
8	5	5
8	4	2
8	9	5
