10	20	2
10	14	2
10	17	1
10	18	3
10	5	3
10	7	2
10	6	7
10	9	2
10	8	3
13	9	5
13	10	1
13	5	1
13	8	1
13	18	1
20	10	2
20	14	1
20	23	2
20	5	4
20	7	1
20	6	1
20	9	2
20	8	1
14	10	1
14	2	2
14	5	2
14	7	2
14	6	3
14	8	1
17	9	1
17	18	1
17	23	1
23	10	1
23	13	1
23	20	2
23	14	1
23	2	2
23	5	2
23	7	1
23	9	2
18	10	2
18	17	1
18	23	1
18	2	1
18	5	4
18	7	1
18	6	5
18	9	1
2	13	1
2	5	3
2	6	2
5	10	5
5	13	1
5	20	3
5	14	3
5	17	4
5	23	1
5	18	6
5	2	1
5	7	3
5	6	13
7	10	4
7	14	1
7	17	1
7	18	2
7	5	4
7	6	2
6	10	9
6	20	3
6	14	1
6	23	3
6	18	5
6	5	7
6	7	6
6	9	3
9	10	3
9	20	2
9	14	2
9	17	1
9	5	1
9	7	2
9	8	3
8	9	3
8	10	1
8	20	1
8	14	1
8	6	1
