13	30	1
13	4	1
13	7	1
13	16	2
12	13	1
12	21	1
12	5	7
12	4	2
12	6	1
12	9	1
15	16	4
15	30	2
15	36	2
15	5	2
15	4	2
15	9	1
21	15	1
21	16	7
21	30	6
21	36	3
21	4	5
21	7	1
21	6	2
21	9	3
16	13	1
16	15	2
16	21	9
16	30	8
16	36	6
16	3	4
16	5	1
16	4	4
16	7	1
16	6	2
16	9	5
16	8	3
30	21	3
30	16	11
30	36	5
30	3	3
30	5	6
30	4	3
30	6	1
30	9	2
30	8	6
36	15	2
36	21	2
36	16	3
36	30	3
36	3	2
36	5	10
36	4	4
36	6	3
36	8	2
3	12	3
3	15	1
3	16	4
3	30	6
3	36	1
3	5	8
3	7	1
3	6	5
3	9	5
3	8	4
5	12	4
5	15	2
5	21	1
5	16	5
5	30	6
5	36	4
5	3	10
5	4	3
5	6	6
5	9	3
5	8	2
4	13	1
4	12	2
4	15	1
4	21	9
4	16	4
4	30	3
4	3	3
4	5	1
4	6	4
4	9	1
4	8	1
7	8	1
7	13	1
7	5	1
6	12	1
6	15	2
6	21	2
6	16	4
6	36	3
6	3	5
6	5	4
6	4	2
6	7	1
6	9	3
6	8	1
9	15	1
9	21	2
9	16	4
9	30	9
9	36	1
9	3	4
9	7	2
9	8	2
8	21	3
8	16	2
8	30	2
8	3	6
8	5	1
8	4	2
8	6	2
8	9	1
