11	10	6
11	14	4
11	18	15
11	3	3
11	5	2
11	4	7
11	6	4
11	9	3
11	8	4
10	11	6
10	14	6
10	3	4
10	2	7
10	5	15
10	4	8
10	6	12
10	9	1
10	8	6
14	11	4
14	10	8
14	21	2
14	24	2
14	18	20
14	1	3
14	3	17
14	2	6
14	5	8
14	4	5
14	6	6
14	9	1
14	8	5
24	11	1
24	14	3
24	18	5
24	1	1
24	3	3
24	5	1
24	6	2
18	11	28
18	10	1
18	14	11
18	24	7
18	1	3
18	5	7
18	4	1
18	6	4
18	9	2
18	8	10
1	14	4
1	18	3
1	3	8
1	2	1
1	5	3
1	4	1
1	6	1
3	10	8
3	14	18
3	18	2
3	1	3
3	2	10
3	5	10
3	4	8
3	6	4
3	9	2
3	8	4
3	21	3
2	10	12
2	3	16
2	5	2
2	4	16
2	9	3
2	8	1
5	24	2
5	10	12
5	14	16
5	18	9
5	3	6
5	2	10
5	4	6
5	6	10
5	9	2
5	8	10
4	11	4
4	10	17
4	14	4
4	18	5
4	1	1
4	3	4
4	2	16
4	5	11
4	6	2
4	9	4
4	8	2
6	11	6
6	10	8
6	14	5
6	18	8
6	3	2
6	2	2
6	5	10
6	4	2
6	24	1
6	9	4
6	21	4
9	11	3
9	10	4
9	14	2
9	18	1
9	3	1
9	2	1
9	5	3
9	6	2
9	21	4
8	11	9
8	10	4
8	14	4
8	18	6
8	3	4
8	2	2
8	5	6
8	4	1
8	9	1
21	9	2
21	3	1
21	5	2
21	14	1
21	6	4
