24	10	12
24	27	24
24	14	15
24	17	8
24	23	3
24	32	6
24	22	1
24	5	5
24	4	13
24	7	2
24	9	2
24	25	2
10	24	5
10	27	7
10	14	2
10	17	8
10	23	4
10	32	4
10	22	1
10	4	5
10	7	2
10	9	3
27	24	15
27	10	3
27	14	4
27	17	8
27	23	11
27	32	2
27	22	3
27	5	6
27	4	4
27	7	4
27	9	5
14	24	9
14	10	3
14	27	9
14	17	6
14	32	1
14	5	1
14	7	2
14	9	1
17	24	9
17	10	10
17	27	12
17	14	7
17	32	3
17	30	1
17	4	1
17	7	3
23	24	9
23	10	1
23	27	8
23	14	2
23	17	1
23	32	2
23	30	1
23	5	7
23	4	4
23	7	1
23	9	2
32	24	6
32	10	3
32	27	5
32	14	1
32	17	7
32	30	4
32	22	2
32	5	7
32	4	4
32	7	1
32	9	2
30	24	4
30	27	1
30	17	5
30	23	1
30	32	4
30	5	2
22	10	1
22	27	1
22	17	1
22	25	1
5	24	9
5	10	2
5	27	4
5	17	2
5	23	6
5	32	6
5	30	6
5	4	5
5	9	1
4	24	13
4	10	4
4	27	3
4	14	1
4	17	3
4	23	4
4	32	4
4	5	5
4	9	4
7	24	1
7	10	3
7	14	1
7	17	2
7	23	1
7	25	2
7	9	2
9	24	4
9	10	4
9	27	1
9	14	5
9	17	2
9	23	3
9	32	1
9	4	6
25	24	2
25	32	2
25	27	2
25	5	1
25	7	1
