11	10	1
11	12	2
11	15	5
11	19	6
11	2	1
11	7	2
11	9	1
10	11	1
10	12	17
10	15	4
10	19	4
10	2	1
10	4	8
10	7	7
10	9	6
10	8	6
12	11	2
12	10	16
12	15	2
12	23	2
12	19	3
12	4	7
12	7	6
12	9	7
12	8	8
15	11	10
15	10	4
15	19	21
15	1	1
15	2	7
15	4	1
15	7	3
15	9	5
15	8	2
17	2	1
23	11	3
23	8	1
19	11	4
19	10	7
19	12	1
19	15	18
19	17	1
19	23	1
19	1	1
19	2	4
19	4	6
19	7	2
19	9	6
19	8	14
1	10	1
1	12	1
1	15	1
1	23	1
1	2	1
1	4	2
1	9	1
1	8	1
2	11	1
2	10	1
2	12	2
2	15	4
2	19	5
2	1	4
2	4	6
2	9	2
2	8	7
4	11	4
4	10	11
4	12	13
4	19	4
4	2	5
4	7	1
4	8	16
7	11	3
7	10	5
7	12	5
7	15	1
7	19	1
7	9	6
7	8	2
9	11	2
9	10	6
9	12	5
9	15	4
9	19	2
9	4	2
9	7	7
9	8	2
8	10	14
8	12	5
8	15	15
8	17	1
8	23	1
8	19	14
8	4	10
8	7	4
8	9	3
