10	15	7
10	14	7
10	23	2
10	3	2
10	5	3
10	4	9
10	7	8
10	8	4
15	10	14
15	14	1
15	23	1
15	1	1
15	3	10
15	2	3
15	5	2
15	4	16
15	7	5
15	8	3
14	10	4
14	15	1
14	23	3
14	3	1
14	5	3
14	7	3
23	10	1
23	15	2
23	14	3
23	3	1
23	2	7
23	5	15
23	4	6
23	7	7
23	8	12
1	10	1
1	15	2
1	23	2
1	3	4
1	2	5
1	4	1
1	7	2
3	10	5
3	15	9
3	14	1
3	23	2
3	1	3
3	2	9
3	5	1
3	4	9
3	7	2
3	8	11
2	24	1
2	10	1
2	15	7
2	14	2
2	23	8
2	1	5
2	3	9
2	5	10
2	4	4
2	7	2
2	8	8
5	14	3
5	23	16
5	3	2
5	2	8
5	4	3
5	7	8
5	8	7
4	10	9
4	15	10
4	23	7
4	1	1
4	3	6
4	2	9
4	5	4
4	7	4
4	8	7
7	10	4
7	15	3
7	14	4
7	23	7
7	3	1
7	5	2
7	4	1
7	8	2
8	10	8
8	15	9
8	14	2
8	23	14
8	3	6
8	2	5
8	5	5
8	4	6
8	7	4
