26	12	1
26	16	2
26	30	3
26	36	1
26	3	3
26	4	1
26	6	1
26	9	5
26	8	5
12	26	1
12	17	1
12	3	1
12	2	2
12	4	3
12	9	1
15	6	1
17	36	1
17	16	2
16	26	1
16	17	1
16	30	3
16	36	1
16	2	4
16	4	2
16	7	3
16	6	2
16	9	1
30	26	5
30	16	3
30	3	6
30	2	6
30	4	1
30	7	4
30	6	4
30	9	3
30	8	5
36	9	3
36	3	2
3	26	5
3	12	8
3	17	1
3	30	2
3	36	2
3	4	3
3	6	3
3	8	1
2	12	1
2	16	3
2	30	2
2	3	1
2	4	5
2	7	7
2	6	1
4	26	5
4	12	3
4	30	1
4	3	4
4	2	5
4	7	1
4	6	1
4	9	3
7	26	2
7	16	2
7	30	3
7	3	1
7	2	7
7	4	2
7	9	1
6	26	4
6	12	1
6	17	1
6	16	1
6	30	1
6	3	4
6	2	3
6	4	1
6	7	2
6	9	1
6	8	1
9	26	1
9	16	2
9	30	4
9	36	1
9	2	1
9	8	1
8	9	1
8	30	6
8	16	2
8	7	2
8	6	3
