24	15	3
24	1	3
24	2	2
24	7	3
24	6	2
24	8	2
12	22	2
15	24	2
15	17	2
15	23	2
15	2	1
15	6	1
15	9	1
15	8	5
22	24	3
22	15	3
22	17	8
22	23	3
22	3	9
22	2	2
22	5	1
22	7	4
22	6	1
22	8	2
17	15	1
17	22	8
17	23	4
17	3	4
17	5	3
17	9	1
23	15	2
23	17	3
23	22	1
23	3	1
23	2	4
23	8	6
1	24	2
1	17	2
1	23	1
1	3	6
1	2	1
1	5	2
1	7	1
1	6	1
1	8	1
3	17	9
3	22	8
3	23	2
3	1	1
3	2	2
3	5	7
3	6	1
2	24	4
2	12	1
2	15	1
2	17	1
2	22	5
2	23	4
2	3	1
2	5	2
2	8	8
5	24	1
5	17	3
5	22	4
5	23	1
5	1	3
5	3	5
5	2	1
5	6	5
5	9	1
7	24	4
7	8	2
7	22	2
7	17	1
6	1	1
6	8	4
6	2	5
6	5	1
6	24	3
9	3	1
9	22	1
8	24	1
8	12	1
8	15	4
8	22	8
8	23	8
8	3	3
8	2	5
8	5	2
8	7	3
8	9	1
