25	21	1
25	19	3
25	18	1
25	28	1
25	1	1
25	3	1
25	6	3
25	9	4
13	25	3
13	21	8
13	17	9
13	19	1
13	18	1
13	28	4
13	1	1
13	3	2
13	4	4
13	6	5
20	25	1
20	13	2
20	17	3
20	18	6
20	28	3
20	3	2
20	4	4
20	6	7
20	9	3
21	25	2
21	13	7
21	20	3
21	17	9
21	19	4
21	28	1
21	1	1
21	3	5
21	4	5
21	6	6
21	9	1
17	13	9
17	20	4
17	21	3
17	19	2
17	18	2
17	28	1
17	1	5
17	3	5
17	4	22
17	6	6
17	9	2
19	25	7
19	13	3
19	17	1
19	18	3
19	3	4
19	4	6
19	6	9
19	9	3
18	25	1
18	13	2
18	20	10
18	21	3
18	17	2
18	19	2
18	1	1
18	3	3
18	4	12
18	6	11
18	9	3
28	13	6
28	20	3
28	21	5
28	17	1
28	18	1
28	1	2
28	4	1
28	6	4
1	25	2
1	13	4
1	21	1
1	17	7
1	18	1
1	28	2
1	3	2
1	4	8
1	6	1
1	9	1
3	25	2
3	13	2
3	20	4
3	21	5
3	17	6
3	19	11
3	18	5
3	1	5
3	4	7
3	6	14
3	9	2
4	25	1
4	13	3
4	20	5
4	21	6
4	17	8
4	19	9
4	18	15
4	28	7
4	1	13
4	3	8
4	6	11
4	9	3
6	25	3
6	13	7
6	20	4
6	21	7
6	17	4
6	19	9
6	18	15
6	28	1
6	3	10
6	4	8
6	9	2
9	21	3
9	17	1
9	19	1
9	18	3
9	28	1
9	4	1
9	6	4
