10	26	4
10	21	2
10	23	12
10	19	4
10	37	3
10	33	10
10	3	5
10	9	6
10	8	5
26	10	1
26	15	1
26	21	3
26	23	2
26	19	5
26	37	6
26	1	1
26	9	2
26	8	11
15	10	3
15	26	3
15	32	1
21	10	6
21	26	9
21	23	11
21	19	10
21	37	6
21	33	3
21	3	8
21	9	1
21	8	10
23	10	16
23	26	6
23	21	5
23	19	5
23	37	3
23	33	7
23	3	8
23	9	1
23	8	6
19	10	4
19	26	6
19	15	2
19	21	10
19	23	5
19	33	1
19	37	1
19	1	3
19	3	14
19	9	2
19	8	6
32	10	2
37	10	5
37	26	3
37	21	1
37	23	5
37	33	7
37	32	1
37	3	1
37	9	3
37	8	8
1	26	4
1	15	1
1	21	4
1	23	1
1	19	7
1	32	1
1	37	1
1	33	1
1	3	7
1	8	2
33	10	6
33	27	2
33	21	9
33	23	15
33	37	6
33	1	1
33	3	10
33	9	4
33	8	2
3	10	7
3	26	1
3	15	1
3	21	19
3	23	8
3	19	7
3	37	5
3	1	7
3	33	14
3	9	1
3	8	4
9	10	4
9	26	3
9	21	1
9	23	5
9	37	5
9	3	1
9	8	4
8	10	6
8	26	8
8	15	1
8	21	13
8	23	2
8	19	8
8	37	3
8	33	6
8	3	3
8	9	9
