10	20	5
10	14	8
10	3	1
10	2	2
10	4	5
10	7	2
10	6	12
13	9	7
13	8	2
13	23	1
20	10	7
20	14	6
20	23	1
20	4	2
20	7	1
20	6	2
20	9	3
20	8	1
14	10	5
14	20	9
14	23	2
14	3	1
14	2	3
14	4	2
14	7	7
14	6	5
14	9	3
14	8	4
23	10	3
23	13	2
23	14	4
23	19	1
23	2	1
23	4	1
23	7	1
3	10	1
3	14	1
3	19	1
3	4	1
3	7	2
3	6	6
3	9	1
2	10	1
2	20	1
2	14	2
2	4	3
2	7	1
2	6	1
4	20	4
4	14	3
4	23	2
4	19	1
4	3	3
4	2	1
4	7	6
4	6	4
4	9	2
4	8	2
7	10	2
7	20	1
7	14	2
7	3	2
7	4	2
7	6	6
7	9	1
6	10	12
6	20	2
6	14	1
6	3	5
6	4	2
6	7	3
6	9	2
9	10	5
9	20	2
9	3	2
9	4	1
9	7	4
9	6	5
8	9	1
8	10	1
8	20	1
8	14	2
