25	13	5
25	21	3
25	19	3
25	18	2
25	3	2
25	6	1
25	9	8
13	25	7
13	21	14
13	17	11
13	19	1
13	28	4
13	1	3
13	3	5
13	6	4
13	9	1
20	9	1
20	3	1
20	28	1
21	25	5
21	13	15
21	17	8
21	19	4
21	30	1
21	28	2
21	1	1
21	3	6
21	6	1
21	9	2
17	25	1
17	13	9
17	21	8
17	19	3
17	18	1
17	30	1
17	28	7
17	1	8
17	3	6
17	6	4
17	9	5
19	25	3
19	13	1
19	21	4
19	17	2
19	18	10
19	1	1
19	3	2
19	6	8
19	9	6
18	25	2
18	17	2
18	19	5
18	28	5
18	1	1
18	3	3
18	6	5
18	9	4
30	9	1
30	21	1
30	17	1
30	4	1
28	25	1
28	13	2
28	20	2
28	21	3
28	17	10
28	19	5
28	18	6
28	1	8
28	3	3
28	6	5
28	9	1
1	13	2
1	21	2
1	17	5
1	19	1
1	18	3
1	28	6
1	3	1
1	6	1
1	9	1
3	25	4
3	13	5
3	21	5
3	17	8
3	19	5
3	18	3
3	28	2
3	1	3
3	4	2
3	6	12
3	9	3
4	3	2
4	28	1
6	25	6
6	13	2
6	20	1
6	21	7
6	17	4
6	19	9
6	18	3
6	28	6
6	3	4
6	9	2
9	25	4
9	13	2
9	20	1
9	21	1
9	19	7
9	18	3
9	3	1
9	6	1
