24	13	6
24	20	1
24	21	1
24	35	1
24	1	2
24	2	2
24	5	1
24	4	2
24	7	5
24	6	5
13	24	9
13	20	1
13	21	1
13	28	2
13	1	2
13	2	3
13	4	1
13	7	3
20	13	1
20	17	5
20	23	2
20	28	3
20	35	3
20	4	1
20	7	2
21	24	5
21	13	2
21	28	1
21	35	2
21	5	2
21	4	3
21	7	1
17	28	1
17	4	2
17	7	2
23	13	1
23	20	1
23	21	1
23	17	2
23	35	4
23	2	2
23	5	2
23	4	1
23	7	2
28	24	3
28	13	5
28	20	3
28	21	1
28	23	1
28	35	3
28	1	1
28	2	5
28	5	3
28	4	6
28	7	6
28	6	3
35	20	1
35	21	1
35	17	2
35	23	5
35	28	2
35	2	1
35	5	3
35	4	3
35	7	11
1	24	2
1	13	1
1	28	2
1	35	1
1	2	2
1	5	1
1	7	3
2	24	1
2	13	1
2	17	1
2	23	1
2	28	5
2	35	1
2	7	7
5	13	1
5	28	3
5	35	3
5	7	2
5	23	1
4	24	2
4	20	2
4	21	3
4	17	1
4	23	3
4	28	5
4	35	4
4	1	1
4	2	1
4	5	1
7	13	1
7	20	2
7	23	3
7	28	4
7	35	8
7	2	4
7	5	2
6	1	1
6	24	6
6	28	2
6	4	2
