24	14	1
24	19	3
24	18	1
24	31	12
24	2	7
24	4	5
24	9	2
24	8	12
24	21	9
14	24	3
14	21	10
14	22	1
14	19	2
14	31	3
14	37	2
14	2	1
14	4	1
14	9	2
14	8	2
22	24	1
22	21	1
22	19	2
22	31	1
22	37	3
22	4	4
22	9	5
22	8	1
19	24	1
19	21	2
19	22	1
19	37	7
19	4	1
19	14	3
18	9	1
31	24	3
31	21	3
31	2	6
31	4	3
31	9	2
31	8	9
31	14	3
37	21	9
37	22	6
37	19	2
37	4	8
37	9	2
37	14	3
2	24	10
2	22	1
2	18	1
2	31	9
2	37	1
2	4	7
2	9	2
2	8	2
4	24	11
4	21	5
4	22	5
4	31	1
4	37	4
4	2	7
9	14	2
9	19	3
9	18	1
9	31	3
9	2	1
9	8	7
9	21	6
8	24	3
8	21	8
8	19	4
8	18	1
8	31	10
8	37	1
8	2	4
8	4	2
8	9	2
8	14	5
21	24	9
21	14	9
21	19	2
21	31	2
21	37	10
21	2	3
21	4	3
21	9	4
21	8	14
