11	10	4
11	14	4
11	33	1
11	30	3
11	35	2
11	34	1
11	4	2
11	7	3
11	9	1
10	11	1
10	30	5
10	35	1
10	34	2
10	4	1
10	7	2
20	33	4
20	30	1
20	4	6
20	7	1
20	14	1
14	11	2
14	20	2
14	33	1
14	18	13
14	35	7
14	4	6
33	11	2
33	10	1
33	20	3
33	18	3
33	30	2
33	35	2
33	34	6
33	4	8
33	7	7
18	11	1
18	10	1
18	14	4
18	30	1
18	35	3
18	4	3
18	7	2
18	9	1
30	11	2
30	10	9
30	14	1
30	18	1
30	35	1
30	34	4
30	7	3
35	11	5
35	10	2
35	14	9
35	33	3
35	18	2
35	30	1
35	34	2
35	4	6
35	7	2
34	11	1
34	10	12
34	15	1
34	14	1
34	33	4
34	30	4
34	35	4
34	4	2
34	7	4
4	11	3
4	20	1
4	14	14
4	33	7
4	18	5
4	30	1
4	35	6
4	7	2
7	11	2
7	10	7
7	20	1
7	14	2
7	33	2
7	18	2
7	30	5
7	35	3
7	34	8
7	4	2
9	11	2
9	10	1
9	35	1
9	34	1
15	11	1
15	10	1
15	34	1
