11	8	1
11	5	5
11	10	2
11	7	1
11	70	1
10	26	5
10	14	1
10	30	2
10	5	5
10	7	5
10	70	1
10	9	3
10	8	1
26	11	1
26	10	5
26	33	6
26	44	21
26	30	6
26	5	4
26	7	1
26	70	1
26	9	1
26	8	1
14	9	4
14	26	1
14	5	1
14	39	1
22	11	3
22	26	1
22	30	1
22	7	1
22	70	1
22	9	2
33	10	1
33	26	4
33	30	2
33	44	6
33	22	2
44	26	15
44	22	1
44	33	3
44	39	1
44	5	6
44	7	9
44	70	7
44	9	1
44	8	2
30	10	5
30	26	12
30	33	3
30	44	1
30	5	3
30	70	4
30	9	1
30	8	1
39	5	1
39	14	2
39	7	2
39	70	1
5	11	2
5	10	4
5	26	4
5	22	3
5	44	1
5	30	10
5	39	2
5	7	10
5	70	2
5	9	2
5	8	3
7	11	2
7	10	4
7	39	2
7	22	1
7	33	1
7	44	9
7	30	2
7	5	6
7	70	4
7	9	2
7	8	2
70	10	4
70	26	2
70	22	5
70	44	4
70	30	5
70	39	1
70	5	3
70	7	5
70	9	2
70	8	2
9	11	3
9	10	2
9	14	2
9	22	2
9	30	2
9	5	5
9	7	5
9	70	7
9	8	2
8	11	1
8	10	2
8	26	1
8	44	2
8	5	5
8	7	1
8	9	5
