25	55	1
25	42	1
25	62	2
25	5	1
25	13	1
13	25	3
13	23	1
20	55	1
20	8	2
20	62	1
20	42	1
20	7	1
22	20	1
22	16	1
22	55	3
22	42	1
22	5	1
22	8	1
16	55	1
16	3	1
16	7	1
16	23	3
55	25	2
55	22	2
55	16	9
55	42	2
55	3	3
55	5	2
55	7	1
55	9	1
55	8	1
23	25	1
23	20	1
23	55	2
23	62	1
23	3	5
23	5	1
23	7	2
23	8	4
42	20	1
42	22	1
42	16	1
42	55	4
42	62	3
42	7	2
62	25	1
62	20	2
62	23	2
62	55	1
62	42	3
62	5	1
62	7	4
62	9	1
62	8	3
3	13	1
3	22	1
3	23	1
3	55	7
3	16	8
3	62	1
3	5	1
3	9	1
3	8	4
5	25	1
5	13	1
5	20	1
5	23	2
5	55	3
5	42	2
5	62	1
5	3	1
5	9	3
5	8	1
7	8	1
7	62	4
7	42	2
7	20	1
7	23	1
9	55	2
9	25	1
9	3	1
9	42	3
9	23	1
8	13	1
8	20	3
8	22	1
8	23	2
8	55	4
8	62	2
8	3	4
8	5	2
