24	14	2
24	17	1
24	28	1
24	1	2
24	7	4
24	6	5
24	9	5
11	9	2
11	7	1
14	11	1
14	21	10
14	17	2
14	28	2
14	1	1
14	2	1
14	5	3
14	6	1
14	9	1
14	8	5
17	9	1
17	5	3
17	14	1
17	7	1
17	21	1
28	24	1
28	14	4
28	17	1
28	5	4
28	7	3
28	6	1
28	9	2
28	8	4
28	21	2
1	24	2
1	21	2
1	28	1
1	7	3
1	6	1
1	9	5
2	9	1
2	8	1
5	24	1
5	21	1
5	17	2
5	28	2
5	1	6
5	6	3
5	9	2
5	14	1
7	24	6
7	11	2
7	14	1
7	17	1
7	28	2
7	5	1
7	9	6
7	8	1
6	24	4
6	14	1
6	28	1
6	1	2
6	2	1
6	5	6
6	7	2
6	21	2
9	14	3
9	17	1
9	28	3
9	2	1
9	5	1
9	7	3
9	8	3
9	21	1
8	24	1
8	11	3
8	14	3
8	17	4
8	28	4
8	7	2
8	6	2
8	9	3
21	11	1
21	14	2
21	17	3
21	1	2
21	5	2
21	7	2
21	8	2
