24	10	2
24	15	2
24	14	13
24	20	6
24	1	3
24	2	5
24	5	1
24	4	3
24	6	3
24	8	1
10	15	3
10	14	10
10	20	12
10	5	2
10	4	2
10	6	5
10	9	4
10	8	1
15	24	2
15	10	2
15	14	1
15	1	1
15	2	2
15	5	1
15	4	3
15	7	2
15	6	10
15	8	1
14	24	13
14	10	13
14	15	3
14	11	3
14	20	28
14	1	1
14	2	6
14	5	5
14	4	2
14	7	1
14	6	9
14	9	1
14	8	6
11	2	1
11	20	2
11	7	2
11	6	1
20	24	5
20	10	15
20	15	1
20	14	23
20	2	2
20	5	5
20	4	4
20	7	1
20	11	1
20	9	3
20	8	6
1	24	6
1	20	1
1	14	1
1	2	3
1	9	1
1	15	2
2	24	3
2	10	1
2	15	9
2	14	3
2	20	1
2	1	4
2	11	1
2	5	4
2	4	4
2	6	10
2	9	2
2	8	2
5	24	2
5	10	4
5	15	4
5	14	6
5	20	2
5	2	5
5	6	5
5	8	2
4	24	2
4	10	1
4	15	1
4	14	11
4	20	3
4	2	2
4	6	7
4	11	1
4	8	1
7	11	1
7	15	3
7	4	1
7	6	3
6	24	4
6	10	3
6	15	8
6	14	6
6	20	8
6	1	1
6	2	8
6	5	6
6	4	5
6	7	2
6	11	1
6	9	1
6	8	5
9	15	2
9	8	1
9	20	2
9	5	1
9	10	1
8	11	1
8	10	1
8	20	5
8	14	1
8	2	1
8	4	1
8	7	2
8	6	5
8	9	1
