24	10	2
24	13	3
24	21	13
24	22	1
24	28	3
24	26	19
24	2	9
24	4	12
24	7	1
24	8	4
10	11	4
10	26	2
10	21	1
10	22	5
10	19	3
10	28	9
10	2	7
10	4	12
10	7	1
10	8	9
13	24	4
13	26	2
13	22	3
13	28	1
13	2	2
13	4	2
13	8	3
21	24	12
21	10	5
21	26	9
21	14	1
21	22	4
21	19	2
21	28	11
21	2	8
21	4	6
21	7	5
21	11	2
21	8	4
22	24	3
22	10	7
22	26	3
22	21	5
22	28	5
22	2	10
22	4	10
22	7	1
22	11	3
22	8	3
22	14	1
19	8	2
19	2	2
19	28	2
19	22	1
19	10	4
28	24	1
28	10	15
28	13	1
28	21	4
28	22	7
28	19	1
28	26	11
28	4	9
28	7	2
28	11	2
28	8	12
26	24	8
26	10	4
26	13	1
26	21	15
26	22	3
26	28	9
26	2	1
26	4	14
26	7	6
26	8	4
2	24	18
2	10	5
2	13	1
2	21	4
2	22	14
2	26	1
2	4	5
2	11	1
2	8	6
4	24	7
4	10	9
4	13	1
4	21	12
4	22	10
4	19	4
4	28	13
4	26	6
4	2	11
4	8	17
7	24	5
7	10	1
7	26	1
7	21	5
7	28	3
7	2	1
7	4	1
7	11	1
7	14	3
11	10	3
11	21	2
11	22	2
11	28	1
11	2	1
11	7	2
11	14	1
8	24	4
8	10	11
8	26	2
8	21	7
8	22	6
8	19	5
8	28	6
8	2	7
8	4	13
8	11	1
14	24	1
14	10	2
14	7	2
