11	9	1
11	33	2
11	8	1
11	10	2
11	6	2
10	11	1
10	8	1
10	13	2
10	5	1
10	6	2
13	11	1
13	10	3
13	17	1
13	33	2
13	44	4
13	30	4
13	28	7
13	29	1
13	5	2
13	6	1
13	9	1
13	8	1
20	17	2
20	33	6
20	44	1
20	28	2
20	29	2
20	5	4
20	6	1
17	13	2
17	20	6
17	33	6
17	44	2
17	30	1
17	28	3
17	29	1
17	5	3
17	6	7
17	9	1
33	11	2
33	10	1
33	13	3
33	20	9
33	17	6
33	30	5
33	28	3
33	29	1
33	5	13
33	6	6
33	9	2
33	8	4
44	13	6
44	17	4
44	33	7
44	30	6
44	28	5
44	5	13
44	6	1
30	13	4
30	20	2
30	17	1
30	33	8
30	44	2
30	5	20
30	6	6
30	9	2
28	13	12
28	20	3
28	33	4
28	44	6
28	29	2
28	5	1
28	6	3
28	9	4
29	33	2
29	20	2
29	5	1
29	17	1
29	28	5
5	11	1
5	10	2
5	13	5
5	20	3
5	17	2
5	33	25
5	44	7
5	30	12
5	28	3
5	29	1
5	6	4
5	9	6
6	10	1
6	13	6
6	20	3
6	17	3
6	33	5
6	44	4
6	30	2
6	28	2
6	5	8
6	8	3
9	11	1
9	10	1
9	13	1
9	20	1
9	44	1
9	28	3
9	29	4
9	5	1
9	6	1
8	33	1
8	10	2
8	13	2
8	44	2
8	11	4
