11	24	1
11	25	1
11	20	5
11	21	1
11	19	1
11	36	2
11	33	1
11	7	3
25	24	2
25	20	3
25	21	1
25	17	1
25	16	2
25	19	1
25	36	4
25	33	7
25	4	6
25	7	1
20	11	3
20	25	4
20	17	3
20	16	9
20	19	5
20	36	6
20	33	13
20	4	12
20	7	7
21	11	1
21	19	2
21	33	7
21	16	1
17	25	3
17	20	9
17	16	3
17	19	8
17	36	2
17	1	6
17	33	1
17	4	2
17	7	3
16	11	2
16	25	1
16	20	7
16	21	3
16	17	3
16	19	2
16	36	5
16	1	1
16	33	3
16	4	4
19	11	1
19	20	5
19	17	5
19	16	1
19	36	4
19	1	4
19	7	7
36	11	4
36	25	1
36	20	3
36	21	1
36	17	1
36	16	1
36	33	2
36	7	5
36	24	1
1	11	1
1	25	1
1	20	1
1	21	1
1	17	3
1	16	2
1	19	3
1	33	1
1	4	2
33	11	1
33	25	11
33	20	12
33	14	1
33	17	4
33	16	3
33	36	2
33	4	11
33	7	3
33	24	4
4	33	13
4	25	10
4	20	5
4	36	1
4	16	5
7	11	8
7	20	9
7	17	3
7	19	4
7	36	2
7	33	3
24	19	1
24	25	1
24	33	3
24	21	1
