11	16	1
11	2	4
11	6	2
10	26	1
10	30	3
10	5	1
26	10	1
26	16	6
26	30	12
26	3	4
26	2	1
26	5	6
26	6	4
26	9	1
26	8	14
12	3	3
12	2	3
12	5	1
12	26	1
16	11	2
16	10	2
16	26	3
16	12	1
16	30	7
16	3	3
16	2	10
16	5	6
16	7	6
16	6	8
16	9	6
16	8	5
18	30	3
30	11	2
30	10	3
30	26	13
30	16	12
30	18	2
30	3	4
30	2	3
30	5	7
30	7	2
30	6	11
30	9	1
30	8	14
3	12	4
3	16	8
3	30	2
3	2	18
3	5	30
3	7	1
3	6	12
3	8	1
2	11	3
2	10	1
2	26	3
2	12	4
2	16	11
2	18	1
2	30	2
2	3	18
2	5	4
2	7	10
2	6	6
2	9	3
5	26	24
5	12	2
5	16	3
5	30	14
5	3	16
5	6	4
5	9	4
5	8	7
7	26	1
7	16	1
7	3	2
7	2	9
7	5	1
7	6	2
7	8	1
6	26	6
6	16	7
6	30	9
6	3	9
6	2	18
6	5	10
6	7	4
6	9	3
6	8	3
9	11	1
9	26	1
9	16	7
9	30	5
9	3	1
9	2	3
9	7	3
9	6	2
9	8	1
8	26	4
8	12	1
8	16	5
8	30	12
8	3	2
8	2	4
8	5	3
8	7	1
8	6	6
8	9	4
