10	25	3
10	27	10
10	14	6
10	22	3
10	23	4
10	32	2
10	5	1
10	17	1
10	9	1
27	10	9
27	20	1
27	14	4
27	22	8
27	23	9
27	32	4
27	5	3
27	17	3
27	7	4
27	9	9
27	25	2
27	21	1
20	32	2
20	27	2
20	21	1
20	17	1
20	23	1
14	10	5
14	27	7
14	17	10
14	22	3
14	25	1
14	32	5
14	30	1
14	5	1
14	9	9
14	21	1
17	10	4
17	27	6
17	20	2
17	14	5
17	25	9
17	32	11
17	30	2
17	5	2
17	9	6
17	21	2
23	10	5
23	27	8
23	17	1
23	22	4
23	25	5
23	32	2
23	30	2
23	5	6
23	7	4
23	9	1
32	10	1
32	27	4
32	14	2
32	17	6
32	23	1
32	30	4
32	22	1
32	5	12
32	25	8
32	7	2
32	9	2
32	21	1
30	10	1
30	27	1
30	20	1
30	14	1
30	17	5
30	23	1
30	5	2
30	7	1
30	9	1
22	10	1
22	27	2
22	14	1
22	23	5
22	5	2
22	9	2
5	10	2
5	23	7
5	27	7
5	25	8
5	32	12
5	30	4
25	10	5
25	27	7
25	14	9
25	17	5
25	23	2
25	32	7
25	30	3
25	22	1
25	5	4
25	7	1
25	9	3
7	10	1
7	27	3
7	20	1
7	23	4
7	5	1
7	9	2
9	10	4
9	27	1
9	14	6
9	17	11
9	25	2
9	32	2
9	5	1
21	20	1
21	14	2
21	17	1
