10	39	3
10	38	1
10	20	2
10	22	1
10	18	2
10	31	3
10	45	1
10	7	2
39	10	6
39	20	6
39	22	3
39	18	1
39	31	3
39	45	4
39	1	1
39	7	12
38	19	1
38	18	1
38	31	2
38	20	2
20	39	3
20	16	5
20	19	3
20	18	8
20	31	9
20	45	2
20	3	4
20	7	1
22	10	2
22	39	8
22	20	2
22	16	2
22	18	2
22	31	1
22	1	2
22	7	2
16	39	5
16	20	2
16	22	5
16	18	4
16	31	4
16	3	3
16	7	2
19	38	2
19	20	2
19	22	1
19	18	2
19	31	1
19	3	1
18	39	3
18	38	3
18	20	9
18	16	3
18	19	1
18	31	12
18	45	2
18	1	4
18	3	9
18	15	1
31	10	5
31	39	4
31	38	1
31	20	6
31	22	3
31	16	4
31	19	1
31	18	11
31	45	2
31	3	3
31	7	4
45	39	2
45	20	3
45	18	2
45	31	1
45	3	1
45	7	2
1	10	1
1	39	2
1	20	3
1	22	1
1	16	1
1	19	1
1	18	3
1	31	1
1	3	2
3	10	2
3	22	6
3	16	3
3	19	2
3	18	11
3	31	2
3	45	2
3	1	2
7	10	4
7	31	3
7	20	6
7	39	10
7	22	2
