11	10	1
11	13	1
11	34	2
10	13	13
10	20	4
10	17	8
10	18	4
10	31	1
10	34	9
10	3	4
10	7	10
10	9	5
13	11	1
13	10	17
13	20	2
13	17	9
13	34	11
13	1	3
13	3	10
13	5	3
13	4	2
13	7	6
13	9	3
20	13	2
20	17	5
20	34	1
20	3	3
20	5	3
20	9	1
17	10	10
17	13	8
17	20	1
17	18	5
17	34	9
17	1	12
17	3	15
17	5	1
17	4	6
17	7	3
17	9	9
18	17	6
18	34	8
18	3	8
18	4	5
18	7	13
18	9	1
31	10	1
31	3	2
31	13	1
34	11	1
34	10	9
34	13	9
34	20	3
34	17	11
34	18	5
34	1	1
34	3	16
34	5	1
34	4	5
34	7	7
34	9	2
1	10	1
1	13	3
1	17	11
1	18	5
1	34	5
1	3	4
1	5	2
1	4	6
1	9	2
3	11	1
3	10	6
3	13	15
3	20	5
3	17	13
3	18	7
3	31	2
3	34	11
3	1	6
3	5	5
3	4	8
3	7	16
5	10	2
5	13	3
5	20	3
5	17	3
5	34	1
5	1	3
5	3	3
4	13	2
4	17	1
4	18	6
4	34	10
4	1	7
4	3	7
4	7	7
4	9	1
7	10	10
7	13	5
7	17	7
7	18	7
7	34	8
7	1	2
7	3	14
7	4	3
7	9	4
9	10	7
9	13	1
9	20	1
9	17	1
9	18	1
9	34	4
9	3	1
9	4	1
