24	10	1
24	21	1
24	19	9
24	29	1
24	1	1
24	7	3
24	6	4
24	8	3
10	20	2
10	14	9
10	17	3
10	19	2
10	18	1
10	1	2
10	7	5
10	8	2
10	21	3
20	21	2
20	7	4
20	6	1
14	24	1
14	10	8
14	21	2
14	19	3
14	1	1
14	7	2
14	8	1
17	24	4
17	10	8
17	20	2
17	14	3
17	19	2
17	29	1
17	1	1
17	7	5
17	6	2
17	8	3
17	21	4
16	24	1
16	10	2
16	21	1
16	17	4
16	8	1
16	14	2
19	24	6
19	10	2
19	20	2
19	14	1
19	17	3
19	16	1
19	1	1
19	7	4
19	6	1
19	8	3
19	21	5
18	1	1
18	8	3
18	19	1
18	14	1
18	10	1
29	17	1
1	10	2
1	14	1
1	17	1
1	16	1
1	19	1
1	18	1
1	8	1
1	21	1
7	24	4
7	10	4
7	20	2
7	14	3
7	17	10
7	19	8
7	1	1
7	6	4
7	8	3
7	21	6
6	24	2
6	10	1
6	20	1
6	21	1
6	17	1
6	19	1
6	1	4
6	7	2
6	8	7
8	24	3
8	10	2
8	21	3
8	17	3
8	16	1
8	19	3
8	7	8
8	6	3
21	19	2
21	10	1
21	17	4
21	14	4
21	7	5
