11	10	2
11	17	1
11	23	4
11	2	1
11	5	3
11	4	1
11	7	1
11	9	1
11	8	1
10	11	2
10	24	2
10	13	1
10	17	6
10	23	9
10	5	6
10	4	5
10	7	9
10	9	9
10	8	12
13	24	1
13	23	1
13	18	1
13	2	3
13	5	1
13	4	6
17	11	3
17	10	3
17	23	5
17	2	3
17	5	1
17	4	1
17	24	3
17	8	6
23	11	4
23	10	6
23	13	1
23	17	2
23	2	10
23	5	4
23	4	6
23	7	10
23	9	2
23	8	12
2	24	2
2	10	3
2	13	2
2	17	5
2	23	5
2	5	1
2	4	12
2	8	10
5	11	4
5	10	6
5	23	3
5	2	1
5	4	7
5	7	3
5	24	1
5	9	1
5	8	5
4	11	2
4	10	10
4	13	3
4	17	2
4	23	6
4	2	7
4	5	8
4	7	3
4	9	1
4	8	10
7	11	2
7	10	3
7	17	2
7	23	5
7	2	1
7	5	2
7	4	1
7	24	1
7	9	4
7	8	3
24	11	1
24	10	3
24	13	1
24	2	6
24	5	1
24	7	1
24	8	2
9	11	2
9	10	6
9	17	1
9	2	1
9	5	3
9	4	1
9	7	7
9	8	2
8	11	4
8	10	12
8	17	6
8	23	13
8	2	6
8	5	6
8	4	13
8	7	8
8	9	4
