24	10	10
24	26	1
24	27	4
24	20	8
24	16	11
24	44	10
24	23	5
24	4	4
24	8	3
24	25	2
10	24	10
10	25	2
10	27	3
10	20	5
10	23	3
10	16	6
10	4	6
10	7	3
10	6	1
10	8	8
26	24	1
26	20	2
26	23	3
26	44	5
26	16	2
26	8	2
27	24	2
27	10	3
27	20	5
27	16	2
27	4	6
27	8	1
27	25	2
20	24	10
20	10	6
20	27	6
20	23	9
20	44	2
20	16	9
20	4	10
20	6	1
20	8	10
20	25	12
16	24	9
16	10	9
16	26	2
16	27	3
16	20	15
16	23	8
16	44	7
16	4	10
16	7	1
16	8	7
16	25	13
44	24	12
44	10	1
44	26	2
44	20	3
44	16	8
44	23	6
44	4	4
44	8	1
44	25	1
23	24	5
23	10	2
23	26	3
23	27	1
23	20	14
23	16	13
23	44	6
23	15	1
23	4	4
23	8	3
23	25	6
15	25	1
4	24	9
4	10	5
4	26	1
4	27	6
4	20	11
4	16	13
4	44	2
4	23	2
4	25	3
4	8	7
7	8	1
7	6	1
7	10	1
6	10	1
6	7	1
6	25	1
8	24	5
8	10	5
8	27	2
8	20	7
8	25	3
8	44	1
8	16	6
8	4	6
8	7	1
25	10	1
25	27	4
25	20	11
25	23	12
25	16	9
25	4	8
25	8	6
