11	25	3
11	13	1
11	12	3
11	15	3
11	22	4
11	7	2
11	9	2
25	11	2
25	13	8
25	12	5
25	15	4
25	22	3
25	33	4
25	3	1
25	4	4
25	7	1
25	9	3
13	11	4
13	25	4
13	12	4
13	15	5
13	22	3
13	33	1
13	3	5
13	4	6
13	7	3
13	9	3
12	11	5
12	25	4
12	13	6
12	15	8
12	22	17
12	33	6
12	1	1
12	3	3
12	5	5
12	4	1
12	9	1
15	11	2
15	25	3
15	13	7
15	12	9
15	22	3
15	33	12
15	1	2
15	3	2
15	5	3
15	4	8
15	7	5
15	9	2
22	11	10
22	25	1
22	13	5
22	12	12
22	1	1
22	3	3
22	5	3
22	4	1
22	7	4
22	9	1
33	11	1
33	25	7
33	13	4
33	12	6
33	15	9
33	22	1
33	1	5
33	3	1
33	5	11
33	4	9
33	7	5
33	9	6
1	11	1
1	13	1
1	15	2
1	22	1
1	33	8
1	5	2
1	9	1
3	25	3
3	13	1
3	12	5
3	15	2
3	22	4
3	33	1
3	5	5
3	4	4
3	9	4
5	13	1
5	12	8
5	15	5
5	22	2
5	33	11
5	1	5
5	3	5
5	4	2
5	7	1
5	9	1
4	25	2
4	13	10
4	12	2
4	15	11
4	22	1
4	33	9
4	1	2
4	3	7
4	5	1
4	7	3
4	9	7
7	11	4
7	25	3
7	13	2
7	12	3
7	15	3
7	22	4
7	33	2
7	4	6
9	13	2
9	12	6
9	15	3
9	22	1
9	33	2
9	3	5
9	4	7
