11	10	1
11	14	7
11	22	2
11	19	1
11	18	2
11	5	3
11	8	3
10	11	2
10	26	1
10	14	4
10	22	4
10	19	1
10	2	2
10	5	3
10	7	2
10	8	3
26	11	1
26	10	3
26	22	5
26	19	1
26	18	1
26	3	2
26	2	1
26	5	5
26	7	1
26	6	3
26	8	2
14	11	9
14	10	2
14	16	4
14	18	1
14	3	8
14	2	5
14	5	2
14	7	1
14	6	1
14	8	9
22	11	2
22	10	2
22	26	5
22	14	3
22	16	1
22	19	3
22	18	1
22	3	9
22	5	2
22	6	4
22	8	11
16	10	1
16	26	4
16	14	4
16	22	5
16	2	1
16	5	1
16	6	1
16	8	2
19	11	1
19	10	2
19	26	1
19	14	1
19	22	1
19	5	1
19	8	1
18	11	2
18	26	3
18	14	1
18	22	2
18	19	1
18	3	1
18	5	2
18	8	4
3	10	2
3	26	3
3	14	6
3	22	11
3	16	3
3	19	1
3	18	2
3	2	1
3	5	5
3	7	1
3	8	3
2	10	1
2	14	2
2	16	1
2	3	1
2	5	2
2	7	1
2	8	1
5	11	1
5	10	2
5	26	5
5	14	9
5	22	2
5	19	2
5	18	4
5	3	3
5	6	2
5	8	8
7	19	1
7	10	2
7	5	2
6	10	3
6	26	2
6	14	1
6	22	2
6	3	3
6	5	2
6	8	1
8	11	3
8	10	2
8	26	8
8	14	8
8	22	4
8	19	1
8	18	7
8	3	4
8	2	5
8	5	7
8	6	1
