10	26	3
10	20	1
10	17	1
10	19	2
10	28	4
10	29	5
10	4	2
10	7	1
10	6	3
10	9	2
10	8	8
26	10	7
26	14	1
26	17	2
26	19	4
26	1	1
26	4	6
26	7	3
26	6	8
26	8	4
20	10	1
20	28	1
20	29	1
20	7	2
20	6	1
20	8	2
14	26	1
14	4	1
14	6	1
17	26	2
17	19	4
17	29	1
17	6	1
17	9	1
17	8	4
19	10	2
19	26	3
19	20	1
19	17	3
19	28	1
19	29	2
19	4	2
19	6	2
19	8	4
28	10	1
28	26	2
28	20	3
28	17	2
28	19	2
28	29	10
28	1	8
28	4	10
28	6	7
28	9	3
28	8	15
29	10	2
29	20	1
29	17	1
29	19	4
29	28	5
29	4	2
29	6	6
29	8	8
1	26	1
1	20	2
1	17	1
1	28	14
1	4	5
1	6	1
1	8	2
4	10	2
4	26	13
4	20	3
4	17	1
4	19	1
4	28	7
4	1	11
4	7	1
4	6	10
4	9	2
4	8	9
7	26	1
7	20	1
7	19	1
7	28	2
7	6	1
7	8	1
6	10	6
6	26	6
6	14	1
6	17	5
6	19	2
6	28	9
6	29	8
6	1	3
6	4	8
6	7	3
6	9	1
6	8	17
9	19	2
9	8	2
9	26	2
9	17	3
9	6	2
8	10	10
8	26	10
8	20	1
8	14	2
8	17	4
8	19	3
8	28	13
8	29	7
8	1	4
8	4	16
8	7	2
8	6	16
8	9	3
