24	10	4
24	7	1
24	25	4
24	19	5
24	18	2
24	23	3
24	42	1
24	35	5
24	2	7
24	4	12
24	66	10
10	24	1
10	25	7
10	19	1
10	18	2
10	42	3
10	2	3
10	4	4
10	66	12
7	25	2
7	66	2
25	24	3
25	10	6
25	23	2
25	19	2
25	18	3
25	42	3
25	88	4
25	2	2
25	4	3
25	66	12
19	24	4
19	10	1
19	25	6
19	18	3
19	42	1
19	88	1
19	2	3
19	66	1
18	24	4
18	10	2
18	25	3
18	35	1
18	88	1
18	2	7
18	66	1
23	10	1
23	25	4
23	88	2
23	2	1
23	4	1
23	66	1
42	24	1
42	10	3
42	25	4
42	19	1
42	23	1
42	2	1
42	4	6
42	66	4
35	24	2
35	10	1
35	42	1
35	4	6
88	24	3
88	10	2
88	25	3
88	18	1
88	23	2
88	42	2
88	2	1
88	66	2
2	24	11
2	10	3
2	7	2
2	25	3
2	19	4
2	18	4
2	35	2
2	88	2
2	4	1
2	66	7
4	24	10
4	10	6
4	25	4
4	19	2
4	18	2
4	23	2
4	42	7
4	35	2
4	88	5
4	2	4
4	66	8
66	24	9
66	10	8
66	25	11
66	19	6
66	18	11
66	42	1
66	88	3
66	2	3
66	4	8
66	7	3
