11	10	7
11	26	4
11	27	3
11	19	1
11	18	2
11	38	2
11	5	1
11	9	1
11	8	3
10	11	4
10	26	2
10	27	8
10	19	1
10	18	3
10	38	7
10	5	2
10	7	8
10	6	2
10	9	2
10	8	3
26	11	1
26	10	3
26	27	3
26	21	4
26	1	1
26	38	10
26	5	2
26	9	1
26	8	5
27	11	6
27	10	15
27	26	2
27	38	4
27	21	11
27	19	2
27	18	9
27	1	1
27	5	5
27	7	2
27	6	2
27	9	2
27	8	9
21	11	2
21	10	4
21	26	1
21	27	7
21	18	2
21	1	5
21	38	3
21	5	11
21	7	2
21	6	3
21	9	2
21	8	6
19	9	2
19	10	2
19	27	1
19	6	1
18	11	3
18	10	5
18	27	13
18	21	2
18	19	1
18	38	2
18	5	6
18	7	3
18	9	1
18	8	2
1	11	2
1	27	1
1	21	5
1	18	1
1	5	4
1	7	1
38	11	1
38	10	11
38	26	3
38	27	3
38	1	1
38	7	5
38	9	1
38	8	6
5	11	2
5	10	3
5	26	3
5	27	12
5	21	11
5	19	2
5	18	6
5	1	6
5	7	3
5	9	2
5	8	3
7	11	4
7	10	6
7	26	3
7	27	1
7	21	2
7	18	2
7	38	2
7	8	3
6	9	1
6	18	2
6	5	1
6	21	1
9	11	2
9	10	3
9	26	1
9	38	2
9	19	1
9	6	1
8	11	5
8	10	6
8	26	4
8	27	3
8	21	1
8	18	4
8	38	7
8	5	4
8	7	11
8	9	2
