26	15	4
26	21	4
26	16	2
26	30	3
26	28	2
26	5	2
26	7	1
26	9	2
26	8	2
26	79	1
26	78	3
15	21	1
15	16	1
15	46	3
15	9	5
15	8	1
15	79	2
15	78	1
21	8	1
21	26	4
21	15	1
21	16	3
16	26	3
16	21	1
16	30	1
16	28	3
16	3	3
16	5	2
16	7	1
16	9	3
46	15	1
30	26	4
30	15	3
30	16	2
30	28	2
30	7	1
30	8	1
30	79	2
28	26	3
28	15	1
28	21	2
28	16	2
28	30	3
28	7	1
28	9	2
28	8	2
28	78	2
3	26	3
3	21	2
3	16	2
3	30	1
3	28	1
3	9	2
3	8	1
5	26	3
5	15	2
5	21	1
5	16	1
5	3	2
5	9	1
5	8	2
5	78	2
7	9	1
7	8	2
7	30	1
9	26	1
9	15	1
9	16	3
9	46	1
9	30	2
9	28	1
9	7	1
9	8	2
8	26	1
8	15	2
8	21	2
8	16	1
8	30	3
8	28	2
8	3	1
79	28	1
79	30	1
79	15	1
79	7	1
78	3	1
78	5	2
78	26	2
78	16	1
