10	12	3
10	15	4
10	14	10
10	22	28
10	18	3
10	3	7
10	5	2
10	4	11
10	7	5
10	6	3
10	9	6
12	10	2
12	15	7
12	14	11
12	22	1
12	18	9
12	3	9
12	4	2
12	7	8
12	6	2
12	9	1
12	21	2
15	12	4
15	14	8
15	22	3
15	18	21
15	1	6
15	3	20
15	5	2
15	4	1
15	7	8
15	6	3
15	21	3
14	10	9
14	12	9
14	15	11
14	21	4
14	22	17
14	18	19
14	1	3
14	3	8
14	4	11
14	7	3
14	6	6
14	9	3
22	10	42
22	12	1
22	15	1
22	14	8
22	3	13
22	5	2
22	4	7
22	6	8
22	9	5
22	21	3
18	12	16
18	15	7
18	14	10
18	22	4
18	1	2
18	3	4
18	4	1
18	7	17
18	9	12
1	12	1
1	15	5
1	14	2
1	22	3
1	18	2
1	3	7
1	4	1
1	9	2
3	10	13
3	12	2
3	15	23
3	14	15
3	22	20
3	18	4
3	1	4
3	5	1
3	4	4
3	7	1
3	6	1
3	9	1
3	21	1
5	10	1
5	15	3
5	14	3
5	22	6
5	6	2
4	10	11
4	12	2
4	15	4
4	14	7
4	22	13
4	18	2
4	3	2
7	10	3
7	12	8
7	14	7
7	22	1
7	18	12
7	1	2
7	5	1
7	4	2
7	6	3
7	9	6
7	21	1
6	10	3
6	15	3
6	14	5
6	22	6
6	3	2
6	5	3
6	7	4
6	9	2
6	21	4
9	10	4
9	12	2
9	14	2
9	22	4
9	18	2
9	3	2
9	4	4
9	7	5
9	6	3
21	12	2
21	15	2
21	14	2
21	3	1
21	5	2
21	7	5
21	6	5
21	9	1
