11	25	1
11	88	2
11	27	1
11	84	4
25	11	3
25	27	7
25	17	7
25	18	4
25	99	1
25	88	1
25	8	4
25	93	3
25	84	3
27	11	2
27	25	13
27	21	3
27	17	2
27	55	14
27	18	6
27	8	8
27	80	3
27	93	6
27	84	7
21	25	1
21	27	3
21	55	6
21	18	3
21	88	1
21	7	1
21	8	2
17	27	2
17	18	3
17	7	2
17	8	4
17	80	1
17	93	4
17	84	7
55	11	1
55	27	21
55	17	2
55	18	7
55	88	2
55	7	2
55	8	3
55	80	13
55	93	1
55	84	1
18	11	1
18	25	5
18	27	5
18	17	5
18	55	5
18	7	3
18	8	11
18	80	7
18	93	5
18	84	10
99	55	1
99	80	1
88	11	2
88	55	1
88	18	2
88	8	1
88	93	1
88	84	2
7	17	2
7	18	6
7	8	3
7	80	3
7	93	1
7	84	1
8	11	1
8	25	6
8	27	6
8	21	1
8	17	4
8	55	3
8	18	8
8	7	4
8	80	7
8	93	5
8	84	3
80	11	1
80	21	1
80	55	12
80	18	2
80	88	2
80	7	5
80	8	5
80	93	3
80	84	6
93	25	4
93	27	9
93	17	3
93	18	4
93	8	4
93	80	1
93	84	4
84	25	4
84	27	4
84	17	2
84	55	1
84	18	10
84	99	2
84	88	1
84	7	1
84	8	5
84	80	9
84	93	5
