15	20	2
15	16	4
15	18	11
15	35	1
15	3	12
15	5	5
15	4	4
15	7	2
15	6	8
15	8	9
22	20	5
22	16	4
22	18	2
22	35	2
22	4	1
22	7	7
22	6	5
22	8	9
16	15	2
16	18	2
16	5	3
16	7	2
16	6	2
16	8	2
18	15	6
18	22	3
18	16	3
18	35	1
18	20	4
18	3	1
18	5	2
18	4	7
18	7	3
18	6	7
18	8	5
35	20	1
35	8	4
35	15	1
35	22	2
35	16	2
20	15	2
20	22	8
20	16	1
20	18	7
20	35	2
20	1	3
20	3	1
20	4	13
20	7	2
20	6	7
20	8	1
1	20	2
1	3	3
1	4	5
1	7	1
1	6	1
1	15	1
3	15	19
3	16	1
3	18	4
3	4	7
3	6	2
3	8	3
5	15	8
5	16	5
5	18	1
5	1	1
5	4	2
5	6	1
5	8	2
4	15	7
4	22	2
4	18	2
4	35	2
4	20	17
4	1	5
4	3	12
4	5	9
4	7	1
4	6	2
4	8	6
7	15	3
7	22	3
7	16	1
7	18	1
7	20	1
7	1	1
7	3	1
7	6	2
7	8	7
6	15	1
6	22	5
6	16	2
6	18	7
6	35	3
6	20	3
6	1	2
6	3	6
6	5	1
6	4	9
6	7	4
6	8	7
8	15	7
8	22	8
8	16	2
8	18	6
8	35	2
8	3	4
8	5	2
8	4	6
8	7	2
8	6	5
8	20	4
