26	22	2
26	19	1
26	18	1
26	3	1
26	4	2
26	9	1
26	8	1
15	20	1
15	21	6
15	17	2
15	16	4
15	19	4
15	18	1
15	22	3
15	4	3
15	8	2
21	26	1
21	15	5
21	22	2
21	17	1
21	16	6
21	19	6
21	28	1
21	20	2
21	4	3
21	9	1
21	8	2
17	15	3
17	16	4
17	19	4
17	18	3
17	3	3
17	9	1
17	8	2
16	15	2
16	21	8
16	17	9
16	19	8
16	18	3
16	22	2
16	3	4
16	4	4
16	8	1
19	15	5
19	21	8
19	17	4
19	16	4
19	18	2
19	22	2
19	28	1
19	3	7
19	4	4
19	9	1
19	8	5
18	26	8
18	22	1
18	17	2
18	16	3
18	19	8
18	3	7
18	4	5
18	8	7
22	15	4
22	21	1
22	17	1
22	16	2
22	19	4
22	3	2
28	21	1
20	18	1
20	15	1
20	4	1
20	21	1
20	16	1
3	26	1
3	17	10
3	16	3
3	19	1
3	18	4
3	4	1
3	8	1
4	26	6
4	20	1
4	21	2
4	16	3
4	19	2
4	18	10
4	3	2
4	8	6
9	19	1
9	17	3
9	16	1
8	15	4
8	21	6
8	16	9
8	19	5
8	18	8
8	3	4
8	4	4
