11	10	5
11	26	4
11	20	5
11	25	2
11	19	2
11	32	1
11	16	6
11	2	4
10	11	3
10	24	3
10	26	2
10	20	4
10	22	1
10	16	3
10	19	3
10	32	3
10	2	12
10	25	12
10	6	11
26	11	6
26	10	2
26	24	11
26	20	2
26	22	1
26	16	13
26	19	2
26	32	2
26	2	1
26	25	4
26	6	1
24	11	7
24	10	1
24	26	7
24	20	2
24	22	6
24	16	13
24	19	1
24	32	1
24	2	3
24	25	5
24	6	18
20	11	3
20	10	7
20	26	3
20	24	2
20	16	2
20	19	9
20	32	2
20	2	4
20	25	5
20	6	2
22	24	3
22	25	1
22	26	6
22	16	1
22	32	1
22	2	3
22	6	5
16	11	13
16	10	5
16	26	10
16	24	6
16	20	9
16	25	9
16	19	6
16	2	4
16	5	1
16	6	1
19	11	4
19	10	2
19	20	4
19	16	4
19	24	1
19	32	2
19	2	4
19	25	4
19	6	1
32	11	1
32	24	4
32	26	3
32	20	1
32	16	3
32	2	6
32	6	1
2	11	6
2	10	9
2	26	3
2	20	9
2	16	6
2	6	6
2	25	6
2	24	5
5	24	1
5	25	1
25	11	5
25	10	13
25	26	5
25	24	4
25	20	4
25	16	14
25	19	2
25	2	10
25	6	4
6	11	2
6	10	12
6	26	3
6	20	5
6	22	2
6	16	3
6	19	3
6	32	5
6	2	5
6	25	3
6	24	16
