11	8	4
11	3	2
11	13	9
11	4	2
11	10	10
10	11	13
10	13	7
10	21	1
10	17	3
10	77	1
10	3	7
10	4	5
10	8	3
13	11	10
13	10	6
13	26	1
13	21	2
13	17	2
13	77	1
13	3	11
13	4	1
13	9	1
13	8	10
77	11	1
77	10	1
77	13	2
77	21	5
77	17	2
77	1	1
77	3	3
77	4	8
77	9	1
77	8	6
21	10	2
21	13	4
21	77	5
21	17	2
21	26	2
21	1	1
21	3	10
21	4	6
21	8	6
17	11	1
17	10	2
17	13	3
17	77	2
17	3	1
17	4	2
17	8	3
26	11	3
26	13	3
26	21	5
26	1	2
26	3	5
26	4	1
26	8	6
1	26	2
1	21	2
1	13	4
1	77	2
1	3	1
1	4	2
1	8	1
3	11	5
3	10	7
3	13	8
3	77	6
3	21	8
3	17	2
3	26	5
3	1	2
3	4	11
3	8	9
4	11	2
4	10	4
4	13	1
4	21	7
4	17	5
4	26	1
4	77	5
4	3	8
4	8	12
9	13	1
8	11	5
8	10	2
8	13	7
8	21	3
8	17	2
8	26	5
8	77	10
8	3	13
8	4	9
8	9	1
