77	26	1
77	14	4
77	17	4
77	23	7
77	18	1
77	36	3
77	41	2
77	3	2
77	4	5
77	9	3
26	77	2
26	14	9
26	17	4
26	23	1
26	18	1
26	36	1
26	41	11
26	1	2
26	3	12
26	4	2
26	9	2
14	26	5
14	17	2
14	23	10
14	18	3
14	36	3
14	41	9
14	77	5
14	3	9
14	4	8
14	9	1
14	8	3
17	77	4
17	26	1
17	14	5
17	23	4
17	36	1
17	41	8
17	1	1
17	3	2
17	4	6
17	9	2
17	10	1
23	26	4
23	14	5
23	17	4
23	36	4
23	41	4
23	77	1
23	3	1
23	4	7
23	9	3
18	10	3
18	26	1
18	14	5
18	17	1
18	41	3
36	26	2
36	14	2
36	17	4
36	23	1
36	41	2
36	77	1
36	3	1
36	4	2
36	9	2
41	77	6
41	26	9
41	14	8
41	17	3
41	23	3
41	18	4
41	36	6
41	1	1
41	3	2
41	4	2
1	26	2
1	23	1
1	36	1
1	41	2
1	77	2
1	3	1
1	4	1
3	77	1
3	26	9
3	14	4
3	17	3
3	23	4
3	36	2
3	1	2
3	4	18
4	77	14
4	26	1
4	14	3
4	17	4
4	23	5
4	36	4
4	1	1
4	3	7
4	9	2
9	14	2
9	17	3
9	23	1
9	41	2
9	77	1
9	4	2
8	10	3
8	18	3
10	77	2
10	18	1
10	41	1
