10	26	1
10	21	1
10	23	1
10	19	1
10	33	3
10	3	2
10	6	4
10	9	3
10	8	2
26	21	2
26	23	8
26	19	3
26	1	2
26	3	1
26	9	1
26	8	3
21	10	2
21	26	2
21	23	2
21	19	1
21	33	3
21	3	3
21	6	2
21	9	3
21	8	4
23	10	3
23	26	6
23	21	1
23	19	2
23	37	2
23	33	2
23	3	1
23	6	4
23	8	2
19	10	3
19	26	6
19	21	1
19	23	4
19	33	4
19	37	2
19	1	4
19	3	18
19	6	5
19	9	4
19	8	5
37	9	1
37	8	2
37	26	2
37	10	1
37	6	1
1	19	3
1	8	4
1	3	5
1	26	2
1	21	2
33	11	1
33	10	3
33	21	2
33	23	1
33	3	7
33	6	5
33	9	3
33	8	1
3	10	6
3	26	1
3	21	3
3	23	5
3	19	18
3	1	1
3	33	9
3	6	7
3	9	2
3	8	6
6	10	4
6	26	1
6	21	4
6	23	3
6	19	3
6	37	2
6	33	7
6	3	4
6	9	2
6	8	4
9	10	2
9	26	1
9	23	2
9	37	3
9	6	2
8	26	3
8	23	5
8	19	12
8	1	1
8	33	3
8	3	9
8	6	6
8	9	2
