11	10	2
11	39	3
11	17	2
11	23	4
11	16	5
11	6	1
11	8	3
10	11	6
10	39	6
10	15	1
10	17	5
10	16	9
10	19	5
10	23	3
10	1	1
10	3	1
10	4	5
10	6	2
10	9	2
10	8	6
39	11	7
39	10	7
39	17	3
39	16	2
39	19	2
39	23	1
39	4	3
39	6	1
39	8	1
15	10	1
15	39	1
15	17	3
15	19	1
15	1	1
15	3	1
15	4	1
15	6	2
15	9	1
15	8	2
17	11	1
17	10	6
17	39	1
17	15	2
17	16	3
17	19	2
17	23	1
17	3	4
17	6	3
17	9	1
16	10	4
16	39	3
16	17	6
16	23	4
16	3	2
16	4	2
16	6	1
16	8	2
19	10	2
19	39	1
19	17	2
19	23	1
19	3	4
19	6	1
19	8	2
23	11	2
23	10	1
23	39	5
23	15	1
23	17	3
23	19	1
23	3	1
23	6	1
23	8	1
1	10	2
1	23	1
1	16	1
1	4	8
1	6	10
1	8	4
3	10	4
3	17	6
3	16	1
3	23	4
3	1	2
3	6	3
3	9	4
3	8	5
4	10	10
4	39	9
4	15	2
4	16	3
4	19	2
4	1	4
4	3	1
4	6	6
4	8	7
6	11	1
6	10	11
6	15	1
6	17	4
6	16	3
6	19	1
6	23	1
6	1	4
6	3	5
6	4	6
6	8	11
9	10	2
9	3	3
9	15	2
9	4	1
8	11	3
8	10	9
8	39	6
8	17	4
8	16	2
8	19	2
8	1	1
8	3	7
8	4	10
8	6	7
