11	10	3
11	14	3
11	19	1
11	18	3
11	30	2
11	35	1
11	7	5
10	11	2
10	14	1
10	19	3
10	18	2
10	35	1
10	34	1
10	33	2
10	4	1
10	7	3
13	11	1
13	14	1
13	19	2
13	18	1
13	35	4
13	34	1
13	33	2
13	4	2
13	7	3
14	11	3
14	33	1
14	18	16
14	35	10
14	19	2
14	4	4
14	7	2
14	9	1
19	11	1
19	10	10
19	13	1
19	33	5
19	18	2
19	30	1
19	35	3
19	34	3
19	1	1
19	4	2
19	7	1
19	9	1
18	11	3
18	10	1
18	14	11
18	19	1
18	35	6
18	34	1
18	4	2
18	7	4
30	18	1
35	11	6
35	10	5
35	14	10
35	19	8
35	18	9
35	34	4
35	33	2
35	4	6
35	7	3
35	9	1
34	10	1
34	14	1
34	19	3
34	18	3
34	35	4
34	33	1
34	4	3
1	4	1
1	35	2
33	11	1
33	10	5
33	13	2
33	19	7
33	18	2
33	30	1
33	35	1
33	34	1
33	4	5
33	7	9
4	11	1
4	13	2
4	14	5
4	33	8
4	18	4
4	35	9
4	34	1
4	1	1
4	7	4
7	11	3
7	10	7
7	14	4
7	19	5
7	18	4
7	35	8
7	33	4
7	4	6
9	18	1
