11	8	3
11	5	2
11	66	2
20	17	2
20	33	3
20	44	1
20	28	1
20	29	2
20	5	2
20	66	2
20	6	3
20	8	1
21	20	1
17	20	3
17	33	10
17	44	2
17	30	1
17	28	3
17	29	1
17	5	5
17	66	3
17	6	8
33	11	1
33	20	6
33	17	7
33	44	6
33	30	9
33	28	2
33	29	1
33	5	10
33	66	2
33	6	1
33	9	1
33	8	1
44	11	1
44	20	1
44	17	3
44	33	6
44	30	8
44	28	1
44	29	1
44	5	9
44	66	2
44	6	2
44	9	1
30	20	2
30	17	3
30	33	2
30	44	7
30	28	1
30	29	2
30	5	9
30	66	6
30	6	3
30	8	1
28	20	7
28	17	3
28	33	2
28	44	4
28	29	1
28	5	1
28	66	16
28	6	5
28	9	2
29	20	5
29	17	3
29	33	1
29	28	2
29	5	1
29	66	1
29	6	1
29	9	2
5	20	5
5	17	5
5	33	19
5	44	6
5	30	12
5	28	2
5	29	1
5	66	6
66	11	2
66	20	4
66	17	1
66	33	2
66	44	7
66	30	1
66	28	12
66	29	1
66	5	2
66	6	6
66	9	1
6	20	1
6	17	2
6	33	2
6	44	2
6	30	2
6	28	3
6	29	4
6	5	5
6	66	6
6	8	1
9	11	1
9	44	1
9	28	2
9	29	1
9	66	1
8	33	1
8	20	3
8	11	2
8	5	1
8	28	1
