10	20	1
10	14	1
10	17	3
10	19	2
10	28	1
10	37	13
10	29	2
10	5	1
10	4	2
10	6	4
10	9	2
20	28	1
20	37	1
20	17	1
14	9	1
14	10	1
14	37	2
14	19	1
17	10	5
17	25	1
17	19	2
17	28	1
17	37	3
17	29	2
17	6	1
17	9	5
25	17	3
25	37	2
25	29	6
25	1	3
25	5	3
25	4	4
25	6	3
25	9	2
19	10	1
19	17	3
19	25	1
19	28	1
19	37	1
19	29	3
19	5	1
19	4	1
19	6	3
19	9	6
28	10	3
28	20	1
28	25	1
28	19	3
28	29	2
28	6	5
28	9	1
37	10	8
37	14	2
37	17	1
37	25	1
37	28	2
37	1	4
37	5	8
37	4	3
37	6	1
29	25	1
29	19	6
29	28	1
29	5	3
29	4	1
29	6	4
29	9	4
1	19	1
1	37	5
1	4	7
1	29	1
5	10	3
5	17	5
5	25	3
5	37	2
5	29	2
5	4	8
5	6	2
5	9	3
4	10	6
4	17	4
4	25	6
4	19	2
4	37	4
4	29	2
4	1	2
4	5	4
4	6	5
4	9	1
6	10	7
6	20	1
6	14	1
6	17	1
6	25	4
6	19	3
6	28	1
6	37	1
6	29	3
6	5	2
6	4	5
6	9	3
9	10	1
9	17	4
9	25	1
9	19	2
9	37	2
9	1	1
9	5	1
9	4	2
9	6	2
