10	20	3
10	14	5
10	17	6
10	18	7
10	31	12
10	45	4
10	6	3
10	8	5
45	10	2
45	20	2
45	14	7
45	17	1
45	19	3
45	18	2
45	31	1
45	29	1
45	8	1
45	21	2
20	10	3
20	14	4
20	17	1
20	19	8
20	18	1
20	45	4
20	6	1
20	8	2
14	10	5
14	20	5
14	21	1
14	17	3
14	19	11
14	18	4
14	31	2
14	45	4
14	29	2
14	6	10
14	8	9
17	10	12
17	14	4
17	22	10
17	19	1
17	18	10
17	31	2
17	6	11
17	8	14
17	21	4
19	20	4
19	14	13
19	17	1
19	18	1
19	31	1
19	29	1
19	6	6
19	8	2
18	10	5
18	45	3
18	20	2
18	14	1
18	17	5
18	31	7
18	22	2
18	29	2
18	8	8
18	21	3
31	10	5
31	20	1
31	14	5
31	17	2
31	18	5
31	45	3
31	8	4
22	14	2
22	17	10
22	19	2
22	18	1
22	45	1
22	6	10
22	8	4
29	19	1
29	18	1
29	31	2
29	45	2
29	21	2
6	10	1
6	45	3
6	20	6
6	14	8
6	17	8
6	19	3
6	18	1
6	22	10
6	29	1
6	8	15
6	21	1
8	10	13
8	45	1
8	20	5
8	14	6
8	17	14
8	19	4
8	18	9
8	31	2
8	22	3
8	29	1
8	6	8
8	21	3
21	14	3
21	17	1
21	19	2
21	18	5
21	31	2
21	45	1
21	29	1
21	6	1
21	8	2
