10	25	2
10	26	2
10	20	3
10	21	6
10	16	1
10	32	3
10	3	2
10	2	1
10	5	4
10	4	1
26	10	1
26	20	3
26	22	2
26	25	3
26	3	7
26	2	1
26	5	4
26	4	8
26	9	2
20	10	7
20	26	5
20	16	3
20	32	2
20	3	3
20	2	7
20	5	2
20	4	1
20	9	2
20	25	1
21	10	2
21	2	1
22	10	1
22	26	2
22	16	1
22	32	1
22	3	3
22	2	5
22	5	3
22	4	5
22	25	1
16	10	2
16	26	1
16	20	1
16	25	4
16	19	1
16	32	6
16	3	1
16	2	3
16	5	12
16	4	4
19	10	1
19	4	1
19	16	1
32	10	3
32	20	4
32	16	4
32	19	1
32	3	4
32	2	6
32	5	7
32	4	13
32	9	1
32	25	14
3	10	2
3	26	10
3	20	6
3	22	3
3	16	1
3	32	8
3	2	5
3	5	2
3	4	12
3	25	6
2	25	1
2	26	1
2	20	4
2	21	4
2	22	2
2	16	5
2	32	11
2	3	9
2	5	1
2	4	2
5	10	3
5	26	5
5	20	2
5	22	2
5	16	13
5	19	2
5	32	6
5	2	3
5	4	8
5	25	5
4	25	6
4	26	6
4	20	5
4	22	2
4	16	3
4	19	1
4	32	10
4	3	14
4	2	4
4	5	10
4	9	2
9	10	1
9	20	1
9	25	1
9	32	1
9	3	1
9	2	1
9	4	1
25	26	1
25	20	5
25	16	7
25	32	6
25	3	4
25	2	5
25	5	9
25	4	5
