11	10	12
11	26	4
11	12	1
11	20	8
11	21	7
11	22	2
11	31	1
11	29	1
11	8	4
11	6	2
11	15	2
10	11	10
10	26	7
10	12	3
10	20	5
10	21	5
10	22	8
10	31	1
10	3	2
10	8	5
10	6	8
10	15	2
26	11	5
26	10	16
26	12	3
26	15	8
26	21	3
26	22	8
26	29	2
26	1	3
26	3	9
26	8	6
26	6	14
26	20	12
12	11	2
12	10	4
12	26	1
12	15	1
12	22	5
12	29	2
12	3	1
12	8	1
15	11	1
15	10	1
15	26	8
15	12	1
15	20	12
15	21	15
15	22	2
15	1	2
15	3	13
15	6	7
15	8	4
21	11	18
21	10	2
21	26	11
21	20	14
21	22	1
21	31	1
21	3	2
21	8	9
21	6	4
21	15	9
22	10	15
22	26	1
22	12	7
22	20	9
22	31	7
22	3	6
22	6	21
22	8	2
31	11	1
31	10	1
31	21	1
31	22	2
31	3	2
31	6	3
29	11	1
29	3	1
29	15	1
1	26	1
1	20	2
1	21	3
1	22	1
1	31	1
1	3	3
1	8	1
1	15	3
3	26	6
3	12	5
3	20	9
3	21	4
3	22	8
3	1	2
3	8	3
3	6	12
3	15	15
8	11	8
8	10	4
8	26	8
8	15	4
8	21	10
8	29	1
8	3	2
8	20	3
6	11	2
6	10	11
6	26	19
6	15	4
6	21	5
6	22	28
6	31	3
6	3	4
6	20	4
20	11	10
20	10	6
20	26	12
20	15	3
20	21	25
20	22	12
20	29	1
20	3	3
20	6	5
