11	8	1
11	3	1
11	28	1
24	15	1
24	17	1
24	28	2
24	1	2
24	2	7
24	8	1
15	24	1
15	8	2
15	2	3
15	22	1
15	17	2
22	11	5
22	24	1
22	15	2
22	17	4
22	3	14
22	7	1
22	6	5
22	9	3
22	8	6
17	11	1
17	24	1
17	22	4
17	28	2
17	3	3
17	2	5
17	9	3
17	8	3
28	11	1
28	24	1
28	22	1
28	17	1
28	2	2
28	6	1
28	9	4
28	8	7
1	24	2
1	3	4
1	2	4
3	11	1
3	15	1
3	17	3
3	22	7
3	28	2
3	1	2
3	6	3
3	9	4
2	15	4
2	17	7
2	1	1
2	3	2
2	6	1
2	9	1
2	8	6
7	8	2
6	24	2
6	17	1
6	22	2
6	28	1
6	1	2
6	3	2
6	2	3
9	11	1
9	8	5
9	28	2
9	22	5
9	17	4
8	11	1
8	24	1
8	15	5
8	22	4
8	17	6
8	3	5
8	2	9
8	6	2
8	9	2
