11	10	2
11	26	9
11	22	1
11	2	1
11	5	3
11	7	3
11	6	5
10	11	4
10	14	2
10	22	1
10	2	1
10	5	1
10	7	3
10	6	3
26	11	5
26	10	2
26	22	6
26	16	3
26	19	3
26	5	1
26	7	2
26	6	5
20	19	1
20	26	1
20	7	2
14	11	1
14	10	2
14	16	1
14	3	6
14	2	7
14	5	2
14	7	2
14	6	1
22	11	5
22	26	1
22	14	1
22	16	5
22	19	1
22	3	5
22	5	1
22	7	1
22	6	4
22	8	3
16	11	1
16	26	3
16	22	5
16	3	2
16	2	1
16	5	1
16	7	1
16	6	1
19	8	3
19	20	1
19	14	1
19	7	4
3	11	1
3	10	1
3	14	6
3	22	5
3	16	3
3	19	2
3	2	1
3	5	3
3	7	1
2	11	2
2	10	1
2	14	12
2	3	2
2	5	5
2	7	1
5	11	2
5	10	1
5	26	1
5	14	3
5	22	4
5	16	1
5	3	4
5	2	4
5	7	2
5	6	2
5	8	2
7	26	5
7	20	1
7	14	1
7	22	3
7	2	2
7	5	3
7	8	2
6	11	4
6	10	3
6	26	4
6	14	1
6	22	1
6	3	1
6	2	2
6	5	1
6	7	1
8	11	1
8	26	2
8	14	1
8	19	2
8	3	2
8	2	1
8	5	1
