25	26	2
25	12	5
25	18	2
25	99	1
25	27	2
25	7	1
25	9	2
25	93	7
25	84	3
26	25	2
26	27	4
26	15	4
26	17	1
26	18	1
26	80	4
12	25	2
12	26	1
12	27	5
12	15	3
12	17	1
12	18	10
12	7	1
12	9	1
12	8	3
12	80	6
12	93	2
15	25	2
15	26	5
15	12	2
15	27	3
15	7	2
15	9	1
15	80	4
15	84	2
17	9	1
17	18	1
17	12	1
17	84	3
17	25	1
18	25	6
18	27	4
18	15	2
18	17	1
18	12	10
18	7	4
18	9	1
18	80	3
18	93	1
18	84	4
99	84	1
27	25	3
27	26	4
27	12	4
27	15	2
27	18	4
27	8	1
27	80	1
27	93	2
7	12	1
7	15	2
7	17	1
7	18	4
7	80	6
7	93	1
7	84	4
9	93	2
9	84	6
8	25	1
8	80	1
8	12	2
8	15	1
80	25	1
80	18	3
80	99	1
80	7	9
80	8	2
80	93	2
80	84	6
93	25	4
93	12	2
93	15	1
93	18	1
93	80	2
93	84	1
84	25	5
84	27	1
84	15	3
84	17	1
84	18	1
84	99	1
84	12	1
84	9	3
84	80	3
84	93	4
