11	10	3
11	21	1
11	22	1
11	3	1
11	4	2
11	7	2
10	11	4
10	24	1
10	26	3
10	21	1
10	22	2
10	19	1
10	3	8
10	2	6
10	4	7
10	7	2
13	24	1
13	26	1
13	21	1
13	3	5
13	7	1
13	8	1
21	24	4
21	10	6
21	26	9
21	22	2
21	3	9
21	2	4
21	4	13
21	7	3
21	8	2
22	11	1
22	10	4
22	3	2
22	2	6
22	4	5
22	7	4
22	24	4
19	2	1
19	21	1
18	24	1
18	19	1
18	3	2
18	26	1
26	24	13
26	10	1
26	13	2
26	21	9
26	22	1
26	3	7
26	4	8
26	7	5
3	11	3
3	10	14
3	26	9
3	21	5
3	22	1
3	18	1
3	4	6
3	24	3
3	8	2
2	11	2
2	10	3
2	13	1
2	21	2
2	22	7
2	19	1
2	26	1
2	4	5
2	7	4
2	24	5
2	8	1
4	11	3
4	10	15
4	26	2
4	21	9
4	22	8
4	18	4
4	3	4
4	2	9
4	7	7
4	8	3
7	11	1
7	24	4
7	13	1
7	21	6
7	22	6
7	26	2
7	3	1
7	2	7
7	4	8
24	10	3
24	13	2
24	21	7
24	22	1
24	26	4
24	3	3
24	2	8
24	4	7
24	7	7
24	8	1
8	24	2
8	10	2
8	13	1
8	21	1
8	22	1
8	4	1
