11	99	1
26	11	1
26	12	4
26	15	4
26	16	5
26	18	5
26	3	13
26	4	2
26	7	3
26	6	6
26	9	1
26	8	8
12	26	2
12	16	1
12	3	7
12	4	9
12	7	1
12	6	3
15	11	1
15	26	4
15	18	4
15	99	2
15	3	2
15	2	4
15	4	2
15	7	9
15	6	8
16	26	4
16	12	1
16	18	1
16	3	7
16	2	5
16	4	4
16	7	11
16	6	2
16	9	2
16	8	3
18	26	2
18	15	1
18	16	3
18	99	1
18	3	2
18	2	6
18	4	1
18	7	3
18	6	2
18	8	3
99	18	2
99	7	2
99	6	1
3	26	28
3	12	7
3	15	7
3	16	6
3	2	2
3	4	18
3	7	2
3	6	7
3	8	2
2	11	1
2	26	2
2	12	3
2	15	5
2	16	10
2	18	1
2	99	1
2	3	2
2	4	15
2	7	21
2	6	6
2	9	3
2	8	1
4	26	1
4	12	2
4	15	1
4	16	5
4	18	2
4	99	1
4	3	20
4	2	23
4	7	1
4	6	9
4	8	1
7	11	1
7	26	4
7	15	3
7	16	4
7	18	3
7	99	1
7	3	1
7	2	17
7	4	5
7	6	6
7	8	2
6	26	4
6	12	2
6	15	8
6	16	6
6	18	7
6	3	8
6	2	15
6	4	7
6	7	4
6	9	2
6	8	4
9	16	2
9	18	1
9	3	1
9	2	1
9	7	5
9	6	1
9	8	2
8	26	5
8	16	2
8	18	1
8	3	2
8	2	1
8	4	2
8	7	2
8	6	6
8	9	5
