25	10	1
25	20	3
25	14	1
25	16	2
25	33	5
25	36	2
25	34	4
25	7	1
25	9	3
20	25	4
20	14	1
20	17	6
20	16	3
20	19	16
20	34	8
20	1	3
20	33	15
20	7	7
20	6	7
20	9	2
14	19	1
14	33	1
14	20	1
14	36	1
14	7	1
17	10	1
17	20	9
17	14	1
17	16	3
17	19	7
17	34	1
17	1	4
17	33	3
17	7	1
17	6	10
16	25	4
16	20	7
16	19	2
16	36	1
16	34	4
16	1	4
16	33	8
16	7	3
16	6	7
16	9	1
19	25	1
19	20	10
19	14	3
19	17	13
19	10	1
19	33	4
19	36	2
19	34	2
19	1	1
19	7	9
19	6	1
19	9	5
36	10	2
36	20	2
36	16	1
36	19	1
36	34	1
36	33	1
34	25	7
34	20	7
34	17	1
34	16	8
34	19	2
34	33	13
34	6	1
34	9	2
1	25	1
1	20	2
1	17	4
1	16	6
1	19	7
1	34	3
1	33	1
1	7	2
1	6	4
33	25	7
33	20	11
33	14	2
33	17	2
33	16	10
33	19	2
33	36	2
33	34	14
33	7	4
33	6	4
33	9	2
33	10	1
7	25	4
7	20	14
7	14	1
7	17	2
7	10	1
7	19	6
7	36	2
7	34	3
7	33	3
7	9	5
6	25	1
6	20	7
6	17	4
6	16	5
6	19	4
6	34	6
6	1	1
6	33	4
6	7	2
9	19	2
9	25	3
9	20	2
9	33	1
9	7	4
10	19	1
10	33	4
10	14	2
10	7	1
10	36	3
