24	25	1
24	66	7
24	14	2
24	23	3
24	18	1
24	42	1
24	35	2
24	88	1
24	2	8
24	4	6
24	7	5
24	8	2
25	15	1
25	14	2
25	23	6
25	18	1
25	42	2
25	7	7
25	88	6
25	2	3
25	66	3
66	24	7
66	25	1
66	15	2
66	14	2
66	23	7
66	18	3
66	2	3
66	4	3
66	7	2
66	8	6
15	24	1
15	88	1
15	2	3
15	66	3
15	23	2
14	18	2
14	66	3
14	4	1
14	25	2
14	23	2
23	24	1
23	25	6
23	66	4
23	15	1
23	14	3
23	18	5
23	42	2
23	35	1
23	88	4
23	4	1
23	7	1
23	8	4
18	24	1
18	25	3
18	15	1
18	14	1
18	23	1
18	42	1
18	88	2
18	4	2
42	24	1
42	25	2
42	23	2
42	18	2
42	2	1
42	4	1
42	66	1
42	8	1
35	24	4
35	2	2
35	4	1
35	66	1
35	23	3
88	24	1
88	25	4
88	23	3
88	18	3
88	4	1
88	7	1
2	24	5
2	25	6
2	66	4
2	15	5
2	14	2
2	23	1
2	35	1
2	88	1
2	7	6
4	24	7
4	25	2
4	14	2
4	23	2
4	18	2
4	42	1
4	35	1
4	88	2
4	2	1
4	66	2
7	24	2
7	25	2
7	23	1
7	35	1
7	88	1
7	2	5
7	4	1
7	66	8
8	18	1
8	88	2
8	15	2
8	66	2
8	23	1
