24	10	6
24	13	4
24	15	8
24	35	3
24	4	3
24	20	2
10	24	7
10	13	4
10	27	5
10	20	4
10	23	2
10	35	5
10	2	1
10	4	8
10	7	2
10	8	1
10	15	12
26	24	2
26	20	4
26	23	7
26	44	4
26	35	1
26	2	1
26	4	2
27	10	5
27	13	4
27	15	4
27	23	1
27	35	4
27	4	2
27	7	1
15	24	2
15	10	15
15	13	12
15	27	9
15	20	25
15	23	1
15	44	3
15	35	6
15	2	3
15	4	23
15	7	5
15	8	1
23	10	1
23	26	2
23	27	1
23	15	5
23	44	6
23	13	1
23	35	10
23	4	10
23	8	1
23	20	13
44	10	1
44	26	4
44	27	1
44	15	9
44	23	1
44	13	8
44	35	1
44	4	3
44	7	2
44	20	5
13	24	5
13	10	11
13	27	2
13	15	12
13	23	1
13	44	5
13	35	1
13	2	3
13	4	5
13	7	5
13	8	2
13	20	13
35	24	4
35	10	4
35	26	1
35	27	3
35	15	6
35	23	14
35	4	17
35	7	1
35	8	5
35	20	5
2	24	3
2	10	1
2	26	2
2	15	3
2	13	2
2	35	1
2	8	1
4	24	2
4	10	9
4	26	3
4	27	4
4	15	16
4	23	12
4	44	2
4	13	11
4	35	21
4	2	3
4	7	1
4	8	3
4	20	18
7	10	2
7	13	6
7	27	1
7	15	4
8	10	1
8	13	1
8	15	3
8	4	6
8	35	4
20	24	8
20	10	5
20	26	1
20	27	4
20	15	24
20	23	3
20	44	6
20	13	16
20	35	6
20	4	23
20	7	3
20	8	2
