24	10	1
24	12	9
24	15	6
24	23	1
24	33	13
24	18	2
24	1	7
24	25	3
24	7	1
24	9	13
10	24	2
10	25	3
10	12	2
10	15	4
10	23	7
10	33	2
10	18	4
10	1	1
10	7	6
10	9	3
13	27	2
13	12	1
12	24	3
12	10	1
12	15	6
12	25	1
12	18	6
12	1	2
12	7	2
12	9	8
15	24	9
15	10	7
15	12	4
15	23	11
15	33	11
15	18	3
15	27	1
15	25	1
15	7	2
15	9	6
23	24	3
23	10	10
23	13	1
23	15	5
23	25	3
23	33	6
23	1	4
23	7	3
23	9	3
33	24	15
33	10	6
33	12	2
33	15	14
33	23	7
33	18	1
33	1	6
33	25	1
33	7	2
33	9	9
18	24	1
18	25	1
18	12	4
18	15	1
18	23	1
18	33	1
18	7	6
18	9	1
1	24	4
1	33	13
1	13	1
1	15	3
27	13	1
27	12	1
25	10	4
25	12	1
25	20	1
25	23	4
25	33	1
25	18	2
7	24	2
7	10	1
7	12	5
7	15	2
7	23	3
7	18	4
7	25	2
7	9	6
9	24	12
9	10	3
9	12	8
9	15	8
9	23	6
9	33	9
9	18	1
9	1	1
9	27	1
9	25	2
9	7	7
20	25	1
