11	10	4
11	26	2
11	27	5
11	17	1
11	16	2
11	38	4
11	7	3
11	8	2
10	11	2
10	27	7
10	17	2
10	16	1
10	38	6
10	7	7
10	8	1
26	27	1
26	5	2
26	7	1
26	38	1
27	11	2
27	10	7
27	38	5
27	21	6
27	17	3
27	16	5
27	1	1
27	3	1
27	5	7
27	7	3
27	8	4
21	11	1
21	10	1
21	27	8
21	17	2
21	16	2
21	1	3
21	5	4
21	8	2
17	11	1
17	10	3
17	27	2
17	1	1
17	5	1
17	7	1
17	8	3
16	11	1
16	10	3
16	27	4
16	21	3
16	17	1
16	1	1
16	38	1
16	5	2
16	7	2
16	8	4
1	3	1
1	5	5
1	21	4
1	17	3
3	1	1
3	26	1
3	27	1
3	5	1
38	11	1
38	10	4
38	27	2
38	16	1
38	7	1
38	8	2
5	11	1
5	10	1
5	27	5
5	21	5
5	17	5
5	16	1
5	1	5
5	3	1
5	7	3
5	8	5
7	11	2
7	10	6
7	26	1
7	27	5
7	17	1
7	16	2
7	3	2
7	38	2
7	5	2
7	8	2
9	10	2
8	11	3
8	10	2
8	27	3
8	17	5
8	16	3
8	38	2
8	5	4
8	7	3
