11	42	1
11	7	1
11	22	2
10	25	2
10	15	5
10	21	8
10	22	3
10	3	1
10	8	1
26	25	3
26	21	6
26	22	3
26	42	4
26	1	6
26	3	3
26	4	3
26	8	4
15	10	3
15	21	7
15	22	1
15	25	1
15	42	4
15	1	1
15	3	9
15	4	1
15	7	5
15	8	2
21	10	5
21	26	2
21	15	5
21	22	5
21	25	5
21	16	1
21	42	13
21	3	4
21	4	1
21	7	2
21	8	6
22	25	1
22	26	4
22	15	1
22	21	5
22	10	2
22	16	2
22	42	3
22	7	2
22	8	10
25	10	1
25	26	9
25	15	4
25	21	4
25	22	3
25	16	1
25	42	6
25	3	2
25	4	2
25	7	2
25	8	4
16	11	1
16	21	3
42	10	5
42	26	2
42	15	2
42	21	10
42	22	4
42	25	5
42	3	2
42	4	2
42	8	5
1	10	6
1	26	3
1	15	3
1	22	2
1	25	1
1	42	1
1	3	5
1	4	2
3	10	1
3	26	1
3	15	9
3	21	2
3	25	3
3	42	3
3	1	1
3	4	7
3	7	1
3	8	1
4	10	1
4	26	4
4	15	2
4	22	1
4	25	2
4	42	2
4	1	3
4	3	9
4	7	1
7	11	1
7	25	3
7	26	1
7	15	2
7	16	1
7	3	5
7	4	1
8	10	1
8	26	3
8	21	9
8	22	7
8	25	7
8	42	4
8	3	4
8	4	1
