24	3	1
24	7	3
24	6	1
25	3	3
25	4	3
25	21	4
26	33	1
26	7	1
21	24	1
21	25	1
21	33	2
21	32	1
21	3	3
21	4	1
21	6	5
21	8	2
33	24	1
33	21	1
33	32	2
33	3	2
33	7	1
33	6	1
33	9	1
33	8	1
33	14	1
32	24	1
32	25	2
32	33	1
32	31	1
32	7	2
32	8	3
31	33	1
31	3	3
31	26	1
31	14	1
3	24	2
3	25	1
3	21	4
3	33	2
3	31	2
3	6	1
3	9	2
3	8	1
4	33	1
4	25	5
4	32	1
4	8	1
4	6	1
7	24	2
7	21	2
7	33	2
7	32	3
7	3	1
7	9	1
7	8	6
6	25	2
6	21	3
6	33	1
6	32	1
6	31	1
6	3	1
6	4	3
6	8	2
6	14	1
9	33	1
9	32	1
9	3	1
8	24	1
8	25	1
8	21	1
8	33	2
8	32	6
8	3	3
8	4	2
8	7	5
8	6	1
14	31	1
14	7	1
