10	26	18
10	14	5
10	22	7
10	33	8
10	4	6
10	6	7
10	8	4
26	10	9
26	14	7
26	22	2
26	19	2
26	1	2
26	33	1
26	4	20
26	6	23
26	8	2
12	6	1
14	10	7
14	26	4
14	22	4
14	33	2
14	3	1
14	4	2
14	6	4
22	10	9
22	26	2
22	14	3
22	19	1
22	33	19
22	3	6
22	4	5
22	6	3
22	8	3
19	26	3
19	22	5
19	33	2
19	1	1
19	3	7
19	2	1
19	4	6
19	9	1
19	8	4
1	26	1
1	22	1
1	19	4
1	33	1
1	3	6
1	4	5
33	10	7
33	26	1
33	14	2
33	22	20
33	19	2
33	3	5
33	6	5
33	9	1
33	8	2
3	10	4
3	26	1
3	14	2
3	22	7
3	19	9
3	1	7
3	33	11
3	4	8
3	6	2
3	8	4
2	6	1
4	10	8
4	26	25
4	14	4
4	22	10
4	19	4
4	1	2
4	33	5
4	3	2
4	6	10
4	8	9
6	10	12
6	26	20
6	14	2
6	19	1
6	33	1
6	3	1
6	4	6
6	8	6
8	10	3
8	26	3
8	14	2
8	22	3
8	19	5
8	33	8
8	3	9
8	4	6
8	6	3
