10	15	6
10	14	6
10	17	1
10	23	2
10	20	6
10	2	1
10	4	5
10	7	2
10	6	11
10	9	2
10	8	4
13	10	1
13	23	2
13	2	2
13	15	1
13	20	1
15	10	7
15	20	2
15	14	3
15	23	3
15	2	3
15	4	4
15	6	15
15	9	2
15	8	2
14	10	5
14	15	4
14	23	3
14	20	11
14	2	3
14	4	6
14	6	2
14	8	5
17	23	1
17	15	2
17	22	1
17	6	2
23	10	1
23	15	6
23	14	6
23	17	1
23	2	5
23	4	3
23	7	1
23	6	2
23	20	7
22	10	2
22	7	1
22	6	1
20	10	8
20	14	8
20	22	5
20	23	1
20	2	1
20	4	5
20	7	1
20	6	3
20	9	2
20	8	3
2	13	2
2	15	5
2	14	3
2	22	1
2	23	4
2	20	1
2	4	8
2	7	1
2	6	4
2	8	2
4	10	4
4	15	8
4	14	4
4	23	5
4	20	7
4	2	4
4	6	12
4	8	2
7	10	1
7	20	2
7	6	1
6	10	13
6	15	6
6	14	4
6	17	2
6	23	2
6	22	1
6	20	4
6	2	2
6	4	11
6	7	1
6	9	4
6	8	5
9	10	2
9	15	2
9	14	1
9	4	1
9	6	2
9	8	1
8	10	7
8	15	2
8	14	3
8	4	1
8	6	3
8	9	1
8	20	2
