10	14	1
10	22	3
10	28	5
10	5	1
10	70	1
10	9	2
10	8	1
26	22	4
26	33	2
26	44	2
26	30	6
26	5	1
26	70	3
14	10	1
22	9	3
22	10	3
22	26	2
22	30	8
22	5	4
33	26	1
33	22	2
33	30	2
33	28	1
33	5	1
33	70	1
33	9	2
44	10	1
44	26	2
44	33	1
44	30	1
44	28	2
44	39	1
44	5	1
44	70	1
44	9	1
30	10	5
30	26	4
30	22	5
30	33	1
30	44	2
30	5	4
30	70	1
30	9	6
30	8	2
28	11	1
28	10	4
28	26	1
28	22	2
28	33	4
28	44	1
28	30	1
28	39	2
28	5	5
28	70	4
28	9	1
28	8	2
39	28	3
39	5	1
5	10	3
5	26	3
5	22	3
5	33	3
5	30	3
5	28	6
5	39	2
5	70	4
5	9	1
5	8	1
70	10	1
70	26	4
70	22	5
70	44	1
70	30	5
70	28	1
70	5	3
70	8	2
9	10	4
9	26	1
9	22	1
9	30	3
9	28	3
9	5	2
9	70	1
9	8	2
8	28	1
8	30	1
8	5	1
8	22	3
8	70	1
