10	20	4
10	16	3
10	18	6
10	31	4
10	45	2
10	3	3
10	7	1
10	9	2
20	10	2
20	22	2
20	16	6
20	19	3
20	32	1
20	31	8
20	45	2
20	3	1
20	7	7
20	9	3
14	33	1
14	3	1
14	22	2
14	7	1
14	16	1
22	20	4
22	14	1
22	16	3
22	33	3
22	18	1
22	31	4
22	19	1
22	3	3
22	7	7
22	9	1
16	10	8
16	20	5
16	22	5
16	33	2
16	18	5
16	31	5
16	19	2
16	3	2
16	7	5
16	32	1
16	9	4
33	14	1
33	22	2
33	16	2
33	18	2
33	45	2
33	3	2
33	7	1
18	10	7
18	14	1
18	22	1
18	16	4
18	33	1
18	31	7
18	45	2
18	19	3
18	3	5
18	9	1
31	10	8
31	20	1
31	22	1
31	16	3
31	19	1
31	18	5
31	45	1
31	3	4
31	7	4
31	9	5
45	10	2
45	20	2
45	16	1
45	18	1
45	3	1
45	7	1
45	9	1
19	16	3
19	18	1
19	31	3
19	3	1
19	7	2
19	9	6
3	10	1
3	22	1
3	16	1
3	33	2
3	18	11
3	31	2
3	45	1
3	9	2
7	10	1
7	20	6
7	22	4
7	16	10
7	19	1
7	32	1
7	31	6
7	3	1
7	9	2
32	18	2
32	3	1
32	16	2
9	10	1
9	20	2
9	22	1
9	16	1
9	19	3
9	18	1
9	45	2
9	7	2
