24	21	14
24	17	1
24	23	1
24	19	4
24	28	15
24	35	10
24	1	4
24	2	5
24	7	3
24	6	15
24	8	1
10	8	1
10	2	1
10	35	1
10	17	1
21	24	13
21	17	3
21	23	1
21	19	1
21	28	9
21	35	9
21	2	5
21	4	8
21	6	14
21	8	4
17	24	2
17	10	1
17	21	2
17	19	1
17	28	3
17	35	6
17	4	5
17	7	6
17	6	2
17	8	1
23	35	2
23	2	2
23	28	2
23	17	2
23	7	4
19	24	5
19	35	2
19	28	3
19	21	1
19	7	4
28	24	3
28	21	11
28	17	7
28	23	1
28	19	4
28	35	16
28	2	3
28	4	5
28	7	5
28	6	3
28	8	1
35	24	6
35	10	2
35	21	8
35	17	6
35	23	4
35	19	4
35	28	9
35	2	5
35	4	5
35	7	12
35	6	3
35	8	2
1	24	3
1	23	1
1	19	1
1	28	2
1	35	3
1	4	2
1	6	10
2	24	10
2	21	2
2	23	1
2	28	2
2	35	5
2	4	1
2	8	2
4	24	2
4	21	5
4	17	8
4	28	7
4	35	5
4	1	1
4	6	15
4	8	2
7	24	3
7	21	1
7	17	1
7	23	1
7	19	3
7	28	2
7	35	7
7	4	2
6	24	14
6	21	14
6	17	7
6	23	1
6	19	1
6	28	8
6	35	5
6	1	4
6	4	14
6	7	1
6	8	3
8	24	4
8	10	1
8	21	1
8	17	1
8	28	1
8	35	1
8	2	2
8	4	2
8	7	1
8	6	1
