13	77	2
13	14	2
13	22	1
20	14	1
20	22	1
20	23	2
20	33	2
20	62	2
20	2	2
20	9	1
20	8	1
14	13	1
14	20	1
14	23	2
14	33	1
14	16	1
14	77	2
14	62	5
14	7	3
22	20	2
22	21	3
22	23	1
22	77	1
22	62	1
22	7	1
22	8	4
16	20	1
16	14	3
16	22	1
16	33	7
16	2	1
16	21	2
33	14	3
33	16	4
33	23	5
33	2	6
33	7	2
33	9	3
33	8	1
33	21	4
23	20	3
23	14	4
23	22	1
23	33	3
23	2	3
23	9	2
23	8	2
23	21	1
77	13	1
77	23	1
77	33	1
77	62	1
77	7	1
77	8	2
62	9	2
62	23	2
62	20	3
62	14	1
62	21	1
2	20	1
2	22	3
2	23	4
2	33	5
2	16	3
2	62	2
2	9	1
2	8	3
7	77	1
7	8	1
7	13	1
7	14	2
7	22	1
9	14	2
9	22	1
9	16	1
9	33	4
9	2	1
9	7	1
9	8	9
9	21	3
8	13	2
8	20	1
8	14	1
8	22	7
8	23	3
8	77	2
8	62	2
8	2	1
8	9	8
8	21	1
21	13	1
21	14	1
21	22	3
21	16	7
21	33	4
21	23	1
21	62	1
21	2	1
21	7	1
21	9	2
21	8	2
