77	14	7
77	17	7
77	23	8
77	36	2
77	41	8
77	3	1
77	4	3
77	9	2
14	77	4
14	17	6
14	23	8
14	18	4
14	29	7
14	41	13
14	1	1
14	3	2
14	36	3
14	4	10
14	9	2
14	8	2
17	14	3
17	23	3
17	18	1
17	36	5
17	41	11
17	77	9
17	3	2
17	4	1
17	9	3
23	14	11
23	17	7
23	18	4
23	29	2
23	41	2
23	77	9
23	3	3
23	36	2
23	4	3
23	9	1
23	8	2
18	14	3
18	23	1
18	41	7
18	3	1
18	4	2
18	9	2
18	8	2
29	77	1
29	14	4
29	17	1
29	23	4
29	18	2
29	36	1
29	1	3
29	3	6
29	4	6
29	9	1
29	8	1
41	77	12
41	14	6
41	17	6
41	23	5
41	18	7
41	29	2
41	36	1
41	1	3
41	3	6
41	9	2
41	8	2
1	14	2
1	17	1
1	29	2
1	41	1
1	77	3
1	3	6
1	4	3
1	9	1
3	14	7
3	23	1
3	18	1
3	29	6
3	41	14
3	1	1
3	36	1
3	8	1
36	14	2
36	17	3
36	29	1
36	41	2
36	3	1
36	4	2
4	14	3
4	17	1
4	23	4
4	18	5
4	29	2
4	36	1
4	77	9
4	3	1
9	14	3
9	17	3
9	23	1
9	18	4
9	41	1
9	77	3
9	4	1
8	9	1
8	18	2
8	77	2
8	14	1
8	23	4
10	14	1
