24	10	3
24	14	4
24	17	3
24	23	3
24	32	6
24	30	1
24	5	6
24	7	9
24	9	3
24	8	13
10	14	5
10	17	2
10	23	4
10	32	4
10	22	1
10	5	3
10	7	6
10	9	2
10	8	2
27	9	1
27	14	1
27	22	1
14	24	5
14	10	13
14	17	6
14	23	2
14	32	7
14	7	2
14	9	6
14	8	8
17	10	5
17	27	1
17	14	6
17	23	1
17	32	4
17	30	2
17	5	1
17	7	1
17	9	6
17	8	9
23	24	5
23	10	4
23	22	1
23	32	1
23	30	3
23	5	3
23	7	6
23	9	1
23	8	3
32	24	5
32	10	2
32	14	4
32	17	6
32	23	1
32	30	4
32	5	15
32	7	2
32	9	2
32	8	11
30	10	1
30	17	1
30	23	1
30	32	15
30	5	6
30	7	1
22	9	1
22	10	1
5	24	8
5	10	1
5	14	5
5	22	1
5	23	11
5	32	7
5	30	4
5	7	1
5	8	6
7	24	3
7	10	7
7	14	6
7	23	5
7	5	4
7	9	3
7	8	6
9	24	4
9	10	2
9	27	1
9	14	3
9	17	5
9	23	1
9	32	3
9	5	1
9	7	2
9	8	5
8	24	12
8	10	4
8	27	1
8	14	12
8	17	11
8	23	4
8	32	7
8	22	1
8	5	3
8	7	5
8	9	3
