10	21	2
10	16	1
26	15	2
26	21	2
26	16	3
26	46	5
26	30	2
26	28	4
26	3	1
26	5	1
26	8	1
15	26	2
15	21	4
15	16	1
15	46	7
15	30	1
15	9	1
15	79	1
15	78	1
21	15	1
21	16	1
21	46	3
21	30	3
21	28	2
21	79	3
16	26	3
16	15	1
16	21	2
16	30	5
16	28	10
16	3	4
16	5	1
16	8	1
16	79	1
46	26	1
46	15	3
46	21	1
46	30	2
46	5	1
46	9	6
46	79	2
46	78	1
30	26	2
30	15	2
30	21	2
30	16	1
30	28	4
30	9	4
30	8	3
28	10	3
28	26	1
28	15	1
28	21	1
28	16	8
28	30	3
28	3	4
28	5	1
28	9	1
28	8	4
3	26	5
3	21	1
3	16	2
3	46	1
3	28	2
3	5	1
3	8	3
3	78	4
5	26	1
5	15	6
5	16	2
5	46	2
5	30	1
5	3	1
5	8	1
5	78	1
9	3	1
9	30	2
9	26	2
9	16	3
8	26	1
8	16	1
8	30	3
8	28	3
8	3	2
8	9	2
79	46	1
79	15	1
79	5	1
79	21	1
78	15	2
78	30	3
78	28	2
78	3	1
78	5	1
78	9	1
