11	24	1
11	10	5
11	12	6
11	19	4
11	18	7
11	7	3
11	9	1
11	8	4
10	11	10
10	24	1
10	12	12
10	19	7
10	18	4
10	2	2
10	4	2
10	7	8
10	9	5
10	8	12
12	11	6
12	10	11
12	19	1
12	18	2
12	1	2
12	3	2
12	2	1
12	4	12
12	7	10
12	24	1
12	9	2
12	8	14
14	24	2
14	10	1
19	11	8
19	10	3
19	12	4
19	18	5
19	3	3
19	4	1
19	7	3
19	9	3
19	8	8
18	11	9
18	10	2
18	12	2
18	19	7
18	1	4
18	3	13
18	4	3
18	7	5
18	8	7
1	11	1
1	10	2
1	12	4
1	18	3
1	3	7
1	4	6
1	7	1
1	9	2
1	8	2
3	11	4
3	10	5
3	12	4
3	19	6
3	18	10
3	1	1
3	4	12
3	8	9
2	1	2
2	8	3
2	3	2
2	24	3
2	10	2
4	11	1
4	10	7
4	12	18
4	19	1
4	18	3
4	1	4
4	3	4
4	7	2
4	8	9
7	10	11
7	12	5
7	19	2
7	18	8
7	9	2
7	8	4
24	11	1
24	10	2
24	14	1
24	1	1
24	3	2
24	2	2
24	8	2
9	11	4
9	10	1
9	12	1
9	19	1
9	18	1
9	7	3
9	24	1
8	11	3
8	10	12
8	12	15
8	14	2
8	19	9
8	18	8
8	3	10
8	2	2
8	4	9
8	7	11
8	24	1
8	9	1
