11	10	1
11	21	1
11	88	3
11	3	1
11	6	6
11	9	2
10	11	2
10	13	4
10	17	5
10	19	3
10	26	1
10	77	1
10	3	3
10	88	2
10	6	4
10	9	1
10	8	6
13	11	1
13	10	14
13	26	2
13	21	1
13	88	1
13	1	1
13	3	5
13	6	4
13	9	1
13	8	2
77	10	1
77	3	1
77	26	1
21	11	1
21	10	2
21	13	7
21	77	1
21	17	3
21	26	14
21	1	3
21	3	7
21	88	16
21	6	6
21	8	5
17	19	3
17	8	1
17	26	2
17	88	1
17	6	1
19	10	6
19	3	1
19	17	3
19	6	2
26	10	5
26	13	13
26	77	2
26	21	9
26	88	1
26	1	5
26	3	5
26	6	2
26	8	4
1	13	2
1	21	10
1	17	1
1	26	5
1	3	1
1	88	1
1	6	2
1	8	1
3	11	3
3	10	4
3	13	5
3	21	9
3	19	3
3	26	8
3	77	2
3	88	5
3	6	12
3	9	1
3	8	7
88	11	9
88	21	13
88	19	1
88	1	1
88	3	3
88	8	7
6	11	1
6	10	5
6	13	4
6	21	3
6	19	5
6	26	4
6	77	1
6	3	11
6	88	1
6	8	3
9	11	1
9	10	1
9	88	1
9	6	1
8	11	1
8	10	5
8	13	2
8	21	3
8	17	2
8	19	2
8	26	2
8	3	9
8	88	6
8	6	3
