11	24	4
11	20	1
11	22	1
11	17	1
11	23	2
11	19	2
11	4	1
11	7	3
10	20	2
10	14	7
10	17	2
10	19	3
10	18	5
10	1	1
10	7	2
10	8	2
20	19	3
20	8	1
20	17	3
20	7	2
20	10	1
14	10	3
14	23	1
14	20	1
14	17	4
14	18	1
17	11	3
17	10	4
17	14	4
17	23	1
17	19	5
17	18	2
17	1	1
17	4	1
17	7	3
17	8	2
23	11	3
23	8	2
23	22	2
23	18	1
19	11	1
19	10	9
19	17	2
19	4	1
19	7	5
19	24	2
19	8	3
18	11	1
18	10	12
18	20	1
18	17	2
18	19	1
18	1	1
18	4	11
18	24	1
18	8	10
22	11	1
22	17	1
22	23	1
1	11	1
1	10	1
1	17	1
1	18	7
1	4	4
1	24	4
1	8	1
4	11	1
4	24	5
4	20	4
4	17	1
4	23	1
4	19	2
4	18	8
4	1	6
4	7	2
4	8	2
7	11	3
7	10	3
7	17	2
7	19	3
7	18	3
7	4	1
7	24	2
7	8	4
24	11	8
24	20	2
24	22	1
24	23	1
24	19	1
24	1	1
24	4	3
24	7	1
24	8	3
8	11	2
8	10	4
8	20	2
8	14	2
8	17	7
8	23	1
8	19	4
8	18	3
8	22	1
8	1	3
8	4	5
8	7	6
8	24	3
