25	13	9
25	27	2
25	21	5
25	19	2
25	18	1
25	3	1
25	5	3
13	25	12
13	27	1
13	21	12
13	17	5
13	10	3
13	18	2
13	1	4
13	3	7
13	5	12
27	25	1
27	13	3
27	21	5
27	17	11
27	19	4
27	18	6
27	1	2
27	3	8
27	5	2
27	4	2
27	9	5
27	14	1
21	25	9
21	13	17
21	27	1
21	17	6
21	19	6
21	18	4
21	3	7
21	5	4
21	9	3
17	25	2
17	13	3
17	27	15
17	21	3
17	19	2
17	18	16
17	1	7
17	3	13
17	5	20
17	9	5
17	14	1
10	21	1
10	14	1
19	25	1
19	27	7
19	21	7
19	17	3
19	18	5
19	3	4
19	5	1
19	9	6
18	25	4
18	27	11
18	21	3
18	17	13
18	19	9
18	3	6
18	5	1
18	4	1
18	9	1
1	18	5
1	13	6
1	5	9
1	17	11
3	25	2
3	13	6
3	27	12
3	21	11
3	17	11
3	10	2
3	19	8
3	18	8
3	1	1
3	5	8
3	9	1
3	14	1
5	25	6
5	13	15
5	27	2
5	21	7
5	17	12
5	19	1
5	1	6
5	3	8
5	9	2
4	1	1
4	18	1
4	3	1
4	27	1
4	17	1
9	25	2
9	27	2
9	14	1
9	19	4
9	18	2
9	3	1
14	19	1
14	27	2
14	5	1
