24	10	1
24	6	1
10	12	2
10	17	9
10	23	6
10	19	9
10	3	1
10	7	8
10	6	3
10	9	7
10	8	1
12	10	1
12	23	15
12	19	4
12	3	2
12	2	5
12	7	10
12	6	1
12	9	5
12	8	6
17	10	10
17	19	12
17	1	1
17	3	5
17	7	1
17	6	3
17	9	5
17	8	2
23	24	1
23	10	1
23	12	17
23	17	1
23	19	9
23	2	6
23	7	9
23	6	1
23	9	8
23	8	14
19	10	12
19	12	6
19	17	11
19	23	10
19	18	1
19	1	2
19	3	8
19	2	6
19	7	8
19	6	4
19	9	6
19	8	16
18	19	1
18	2	1
1	12	2
1	23	1
1	3	4
1	2	3
1	7	1
1	9	1
1	8	1
3	10	4
3	12	2
3	17	4
3	23	1
3	19	9
3	1	1
3	2	12
3	7	2
3	9	1
3	8	8
2	10	1
2	12	8
2	17	3
2	23	7
2	19	8
2	1	2
2	3	5
2	7	1
2	9	2
2	8	8
7	10	3
7	12	9
7	17	1
7	23	7
7	19	4
7	3	3
7	2	2
7	9	3
7	8	13
6	24	1
6	10	3
6	17	5
6	23	1
6	19	1
6	3	1
6	2	1
6	9	1
6	8	3
9	10	7
9	12	2
9	17	3
9	23	5
9	19	5
9	3	1
9	7	15
9	8	4
8	10	4
8	12	6
8	17	5
8	23	18
8	19	24
8	3	1
8	2	7
8	7	9
8	6	5
8	9	9
