11	10	4
11	20	5
11	21	15
11	16	7
11	42	5
11	1	3
11	7	4
11	6	18
10	11	5
10	21	4
10	16	2
10	42	5
10	5	4
10	4	1
10	7	2
10	6	1
20	11	12
20	21	1
20	42	8
20	1	6
20	4	6
20	7	1
20	6	5
21	11	13
21	10	10
21	20	1
21	16	4
21	42	15
21	4	4
21	7	8
21	6	6
16	11	4
16	10	1
16	21	5
16	25	1
16	42	5
16	5	2
16	4	2
16	7	4
16	6	3
42	11	13
42	10	4
42	20	5
42	21	22
42	16	4
42	35	2
42	5	12
42	4	8
42	7	4
42	6	15
42	15	5
42	25	2
35	15	1
35	42	2
35	25	1
35	7	2
35	16	1
1	11	2
1	20	4
1	42	2
1	5	2
1	4	5
1	7	1
1	15	1
5	10	3
5	20	1
5	21	2
5	16	3
5	42	5
5	4	8
5	7	9
5	6	5
5	15	2
5	25	2
4	11	1
4	25	1
4	20	7
4	21	4
4	16	3
4	42	12
4	1	1
4	5	10
4	7	5
4	6	18
4	15	3
7	11	3
7	10	4
7	15	1
7	21	7
7	16	7
7	42	4
7	35	1
7	1	1
7	5	5
7	4	2
6	11	13
6	10	3
6	20	5
6	21	14
6	16	2
6	42	19
6	1	2
6	5	2
6	4	9
6	7	8
15	11	1
15	25	5
15	20	2
15	21	1
15	42	7
15	35	1
15	5	1
15	4	2
15	7	1
25	20	1
25	16	1
25	42	1
25	35	2
25	5	2
25	4	1
25	7	1
25	6	1
25	15	7
