11	10	4
11	3	1
11	2	3
11	4	3
11	22	1
10	11	3
10	26	2
10	21	4
10	22	8
10	18	1
10	3	10
10	2	6
10	5	1
10	4	4
10	6	3
10	8	4
26	10	3
26	21	9
26	22	1
26	18	1
26	1	4
26	3	12
26	2	2
26	5	8
26	4	7
26	6	2
26	8	7
21	11	3
21	10	8
21	26	7
21	22	7
21	35	1
21	1	1
21	3	7
21	2	3
21	5	7
21	4	7
21	6	4
21	8	5
22	11	2
22	10	9
22	26	6
22	21	6
22	18	2
22	3	12
22	2	6
22	5	2
22	4	4
22	6	1
22	8	3
18	2	1
35	10	1
35	2	1
35	6	2
1	26	2
1	35	1
1	3	7
1	2	4
1	5	3
1	4	2
3	11	2
3	10	16
3	26	11
3	21	5
3	22	7
3	1	1
3	2	1
3	5	3
3	4	7
3	6	2
3	8	10
2	11	1
2	10	5
2	26	2
2	21	1
2	22	10
2	35	1
2	1	1
2	5	14
2	4	8
2	6	3
2	8	6
5	11	1
5	26	13
5	21	5
5	22	1
5	1	4
5	3	2
5	2	13
5	4	7
5	6	4
5	8	1
4	11	2
4	10	9
4	26	3
4	21	10
4	22	7
4	18	1
4	3	3
4	2	11
4	5	5
4	8	6
6	11	2
6	10	3
6	26	3
6	21	4
6	22	3
6	3	1
6	2	3
6	5	3
6	8	1
8	10	9
8	26	2
8	21	6
8	22	9
8	3	3
8	2	1
8	5	1
8	4	6
