26	15	1
26	21	5
26	16	1
26	28	3
26	3	1
26	5	5
26	7	5
26	6	3
26	8	3
15	9	1
15	5	1
15	7	3
15	78	1
21	26	3
21	15	2
21	16	7
21	30	1
21	28	4
21	3	2
21	5	2
21	7	6
21	9	2
21	8	6
21	79	2
16	26	3
16	21	10
16	28	9
16	3	5
16	5	2
16	7	2
16	6	3
16	8	4
16	79	1
30	21	1
30	79	2
28	26	3
28	21	7
28	16	9
28	3	7
28	7	2
28	9	2
28	8	8
28	79	2
3	26	2
3	21	3
3	16	2
3	30	1
3	28	11
3	5	13
3	9	1
3	8	3
5	26	2
5	15	3
5	16	5
5	30	1
5	3	14
5	7	2
5	6	2
5	9	1
5	8	2
5	78	6
7	26	5
7	21	4
7	16	1
7	30	1
7	28	2
7	5	3
7	6	1
7	9	4
7	8	3
7	79	1
7	78	1
6	26	3
6	16	1
6	30	1
6	3	1
6	5	2
6	8	1
9	8	1
9	26	3
9	21	2
9	16	2
8	26	2
8	21	3
8	16	5
8	30	1
8	28	9
8	3	1
8	7	3
8	6	1
8	9	2
8	79	2
79	26	1
79	21	2
79	16	1
79	28	2
79	7	2
79	8	2
78	21	1
78	28	1
78	3	3
78	5	5
78	9	1
78	8	1
