25	62	1
25	22	1
25	14	1
25	7	1
13	42	1
13	62	1
13	5	2
13	22	2
13	7	5
14	25	1
14	13	3
14	33	2
14	42	1
14	62	3
14	2	1
14	5	1
14	7	2
14	9	1
22	13	2
22	16	1
22	33	5
22	42	7
22	55	1
22	3	2
22	2	5
22	5	10
22	7	4
22	9	5
16	33	3
16	55	2
16	13	1
16	5	1
16	22	5
33	13	1
33	14	3
33	22	6
33	16	6
33	55	2
33	42	2
33	3	3
33	2	1
33	5	5
33	7	1
42	25	1
42	22	5
42	33	1
42	62	1
42	2	1
42	7	5
42	9	1
3	13	1
3	14	2
3	16	2
3	33	3
3	62	1
3	5	3
55	13	1
55	22	3
55	16	4
55	33	2
55	2	2
55	5	3
55	7	1
62	25	1
62	13	1
62	14	3
62	16	1
62	55	1
62	42	1
62	2	1
62	5	4
62	7	6
2	14	1
2	22	2
2	33	2
2	42	2
2	55	2
2	5	4
2	7	3
5	13	4
5	14	7
5	22	6
5	16	1
5	33	2
5	42	2
5	3	2
5	55	2
5	62	6
5	2	2
5	7	6
5	9	3
7	25	1
7	13	2
7	14	1
7	22	2
7	33	1
7	42	7
7	55	1
7	62	3
7	2	2
7	5	1
7	9	1
9	25	2
9	13	2
9	22	4
9	33	2
9	42	1
9	5	4
