11	10	1
11	19	2
11	18	2
11	30	2
11	35	1
11	34	2
10	11	1
10	18	1
10	34	1
10	30	7
10	19	4
14	10	1
14	18	14
14	30	2
14	35	6
14	34	1
14	2	1
14	4	2
14	32	1
19	11	1
19	10	6
19	14	1
19	32	1
19	30	2
19	35	3
19	34	2
19	1	2
19	2	4
18	11	3
18	14	9
18	30	2
18	35	4
18	34	1
18	4	1
18	7	1
30	10	3
30	14	3
30	19	3
30	18	3
30	2	1
30	4	2
37	1	1
35	11	1
35	10	2
35	14	6
35	18	5
35	30	2
35	34	4
35	2	4
35	4	1
34	11	2
34	10	5
34	19	5
34	18	4
34	30	1
34	35	5
34	2	11
34	4	7
1	11	2
1	19	1
1	18	1
1	30	2
1	34	2
1	2	2
1	4	3
2	10	3
2	19	10
2	18	1
2	30	1
2	35	1
2	34	12
2	1	4
2	4	6
4	14	10
4	18	5
4	37	1
4	35	1
4	34	11
4	1	2
4	2	5
32	11	1
32	4	1
