24	9	4
24	8	4
24	3	1
24	21	1
24	7	2
25	24	1
25	20	2
25	21	3
25	33	1
25	3	3
25	4	1
20	25	1
20	21	2
20	33	8
20	3	1
20	4	5
20	7	3
20	6	5
20	9	4
20	8	10
20	14	1
21	24	3
21	25	1
21	20	1
21	14	1
21	33	2
21	3	5
21	4	3
21	6	14
21	8	10
33	24	3
33	20	6
33	21	1
33	3	2
33	4	1
33	7	2
33	9	1
33	8	1
32	4	1
3	25	1
3	21	3
3	33	1
3	7	2
3	6	4
3	9	2
3	8	6
3	14	2
11	8	1
4	25	3
4	20	10
4	21	2
4	33	3
4	7	1
4	6	2
4	9	1
4	8	7
7	24	1
7	20	8
7	21	2
7	3	4
7	9	1
7	8	5
6	24	1
6	25	2
6	20	2
6	21	6
6	33	2
6	32	1
6	3	4
6	4	7
6	9	3
6	8	5
6	14	2
9	24	4
9	20	1
9	21	2
9	33	3
9	7	3
9	8	2
9	14	2
8	24	2
8	25	1
8	20	7
8	21	10
8	33	2
8	3	3
8	4	9
8	7	6
8	6	11
8	9	2
8	14	1
14	24	1
14	3	2
14	6	1
