24	20	1
24	21	5
24	28	1
24	35	1
24	1	5
24	2	7
24	7	1
24	6	9
11	17	1
20	1	2
20	35	5
20	4	2
20	7	1
20	6	1
21	24	3
21	17	1
21	23	2
21	28	4
21	35	2
21	1	2
21	2	4
21	4	2
21	7	2
21	6	4
17	35	4
17	28	3
17	4	1
17	7	1
17	6	1
23	28	2
23	4	1
23	35	10
23	21	1
28	24	4
28	20	2
28	21	1
28	17	1
28	23	1
28	35	7
28	2	4
28	4	3
28	7	4
28	6	1
35	11	1
35	20	1
35	21	4
35	17	6
35	23	2
35	28	5
35	2	7
35	4	7
35	7	1
35	6	3
1	24	6
1	2	3
1	35	1
1	7	2
1	6	6
2	24	9
2	21	3
2	17	3
2	23	2
2	28	2
2	35	2
2	1	3
2	7	9
4	20	4
4	21	2
4	17	4
4	23	2
4	28	1
4	35	6
4	1	1
4	2	2
4	7	3
4	6	4
7	24	1
7	11	1
7	20	1
7	28	2
7	35	3
7	2	2
7	4	1
7	6	1
6	24	7
6	20	3
6	21	1
6	17	2
6	28	3
6	35	5
6	1	3
6	2	3
6	4	7
6	7	2
