11	10	6
11	26	5
11	15	1
11	17	5
11	25	8
11	20	1
11	5	9
11	4	2
11	7	15
11	8	3
10	11	3
10	25	2
10	26	13
10	15	3
10	17	4
10	28	1
10	5	5
10	7	4
10	6	2
10	8	1
26	11	10
26	10	10
26	15	1
26	17	2
26	25	1
26	20	1
26	5	9
26	4	7
26	7	2
26	6	7
26	8	2
15	11	2
15	10	2
15	26	3
15	25	2
15	5	5
15	4	2
15	7	1
17	11	2
17	10	2
17	26	2
17	25	2
17	5	2
17	7	5
17	8	2
25	11	7
25	10	4
25	15	6
25	17	3
25	28	5
25	5	3
25	4	1
25	7	6
25	8	2
28	11	1
28	10	1
28	26	3
28	25	3
28	1	2
28	5	1
28	4	1
28	7	3
28	8	3
20	11	1
20	8	3
20	5	1
20	17	1
1	11	1
1	25	5
1	26	2
1	17	2
1	28	1
1	4	4
1	7	1
5	11	5
5	10	10
5	26	5
5	15	1
5	25	6
5	28	2
5	20	2
5	1	2
5	4	3
5	7	4
5	6	4
5	8	4
4	11	2
4	10	4
4	26	13
4	15	1
4	17	1
4	28	3
4	1	2
4	5	2
4	6	1
7	11	15
7	10	1
7	26	1
7	15	2
7	17	6
7	25	6
7	28	1
7	5	6
7	4	1
7	6	2
7	8	4
6	11	1
6	10	2
6	26	6
6	5	1
6	4	1
6	7	4
8	11	6
8	10	1
8	26	2
8	20	3
8	17	4
8	25	1
8	28	2
8	5	2
8	4	2
8	7	2
