11	10	4
11	26	2
11	16	6
11	36	3
11	3	1
11	2	6
11	9	5
10	11	5
10	26	3
10	16	9
10	3	1
10	2	4
10	4	1
10	6	6
10	9	2
10	8	1
26	11	1
26	10	1
26	12	2
26	16	3
26	30	1
26	36	2
26	3	3
26	2	2
26	4	1
26	7	2
26	8	6
12	26	1
12	3	4
12	2	3
12	4	12
12	7	1
12	6	1
12	9	2
16	11	5
16	10	9
16	26	1
16	3	3
16	2	16
16	4	6
16	6	8
16	9	1
16	8	1
30	8	2
36	11	1
36	26	2
36	16	2
36	30	1
36	4	2
36	7	2
36	8	1
3	10	3
3	26	7
3	12	6
3	16	3
3	4	6
3	6	2
3	9	1
3	8	5
2	11	14
2	10	7
2	26	1
2	16	11
2	4	10
2	6	2
2	8	4
4	11	2
4	10	3
4	26	1
4	12	6
4	16	6
4	36	1
4	3	9
4	2	16
4	7	1
4	6	3
4	9	1
4	8	1
7	8	1
7	26	1
6	11	3
6	10	8
6	26	5
6	12	3
6	16	6
6	3	2
6	2	5
6	4	3
6	8	2
9	11	1
9	8	4
9	16	4
9	7	1
9	10	2
8	11	3
8	10	2
8	26	2
8	12	1
8	16	4
8	30	1
8	36	1
8	3	1
8	2	3
8	4	1
8	7	1
8	6	5
8	9	4
