10	26	6
10	12	1
10	21	3
10	22	6
10	23	4
10	19	1
10	37	1
10	3	1
10	5	1
10	6	3
10	9	9
26	10	2
26	21	1
26	23	8
26	19	1
26	37	1
26	1	1
26	5	1
26	9	3
26	8	1
12	10	1
12	22	1
21	10	1
21	26	3
21	22	2
21	23	2
21	19	2
21	3	5
21	5	3
21	6	4
21	9	2
22	10	13
22	12	2
22	21	2
22	23	2
22	19	1
22	1	3
22	3	20
22	5	2
22	6	12
22	9	2
22	8	3
23	10	7
23	26	4
23	21	5
23	22	1
23	19	3
23	37	1
23	3	2
23	5	3
23	6	1
23	9	2
23	8	1
19	10	2
19	26	2
19	21	1
19	22	1
19	23	1
19	1	1
19	3	17
19	5	4
19	6	3
19	9	3
19	8	2
37	1	1
37	9	1
37	26	2
37	23	1
1	22	4
1	23	1
1	19	1
1	3	5
1	5	4
1	6	2
1	8	1
3	10	6
3	12	1
3	21	5
3	22	37
3	23	2
3	19	5
3	1	2
3	5	2
3	6	12
3	9	3
3	8	1
5	26	10
5	21	3
5	22	1
5	23	4
5	19	9
5	1	3
5	3	3
5	6	1
5	9	2
5	8	1
6	10	5
6	26	3
6	21	2
6	22	10
6	23	2
6	3	6
6	5	1
6	9	3
6	8	2
9	10	5
9	26	1
9	23	2
9	5	1
9	6	3
8	10	1
8	22	3
8	23	1
8	19	3
8	37	1
8	3	5
8	6	3
