24	27	14
24	14	3
24	17	13
24	23	21
24	32	7
24	2	5
24	7	12
24	9	1
24	8	10
27	24	7
27	14	6
27	17	11
27	23	6
27	32	4
27	7	5
27	9	4
27	8	5
15	14	2
15	17	4
15	23	1
15	4	1
15	7	1
15	9	1
14	24	5
14	27	8
14	15	7
14	17	17
14	23	1
14	32	2
14	2	1
14	4	1
14	7	2
14	9	2
14	8	9
17	24	7
17	27	20
17	15	3
17	14	16
17	23	1
17	32	6
17	30	1
17	2	5
17	4	1
17	7	1
17	9	2
17	8	13
23	24	14
23	27	2
23	17	1
23	32	3
23	30	1
23	2	15
23	7	12
23	9	3
23	8	4
32	24	2
32	27	3
32	14	5
32	17	18
32	23	1
32	2	12
32	4	1
32	8	7
30	17	3
30	23	1
30	32	2
30	2	4
30	9	1
30	8	1
2	24	11
2	27	1
2	14	5
2	17	2
2	23	9
2	32	13
2	4	2
2	7	4
2	8	15
4	15	1
4	14	1
4	17	2
4	23	4
4	2	1
4	7	1
4	8	3
7	24	14
7	27	6
7	14	4
7	17	1
7	23	4
7	2	3
7	4	2
7	9	3
7	8	6
9	24	4
9	27	2
9	15	2
9	14	1
9	17	3
9	23	3
9	32	1
9	7	3
9	8	2
8	24	22
8	27	11
8	14	11
8	17	7
8	23	5
8	32	3
8	2	4
8	4	6
8	7	3
8	9	5
