11	9	1
11	10	1
11	2	1
10	11	2
10	26	4
10	12	1
10	21	1
10	16	2
10	19	1
10	32	4
10	3	1
10	2	1
10	4	1
10	9	2
26	11	4
26	10	4
26	20	5
26	22	1
26	19	1
26	32	5
26	3	1
26	4	4
26	9	1
12	26	1
12	20	4
12	21	1
12	22	1
12	16	1
12	19	3
12	3	3
12	2	1
12	4	2
20	11	2
20	10	2
20	26	3
20	12	1
20	16	8
20	19	1
20	32	6
20	3	5
20	2	3
20	4	2
20	9	2
21	2	1
22	26	3
22	12	1
22	32	1
22	3	3
22	2	1
22	4	9
22	9	1
16	11	2
16	10	1
16	26	1
16	20	8
16	21	1
16	19	1
16	32	6
16	2	5
16	4	1
19	10	1
19	26	2
19	12	1
19	20	2
19	21	1
19	16	2
19	4	1
32	11	2
32	10	2
32	26	2
32	20	5
32	22	2
32	16	7
32	19	1
32	3	6
32	2	5
32	4	2
32	9	3
3	26	1
3	12	4
3	20	3
3	22	7
3	16	3
3	19	2
3	32	7
3	2	6
3	4	9
2	26	1
2	12	1
2	20	6
2	22	2
2	16	2
2	19	1
2	32	2
2	3	11
2	4	2
2	9	1
4	10	3
4	26	12
4	12	2
4	20	1
4	22	3
4	16	2
4	19	1
4	32	1
4	3	8
4	2	2
4	9	1
9	11	1
9	3	1
9	20	1
9	4	1
9	16	3
