10	39	2
10	20	3
10	16	2
10	18	3
10	31	3
10	1	1
10	3	1
10	7	6
10	9	2
39	1	4
39	10	3
39	7	8
39	16	3
15	10	1
15	31	2
15	20	2
15	7	3
15	16	3
22	39	1
22	20	1
22	16	1
22	18	1
22	31	2
22	1	3
22	3	2
22	7	1
16	10	3
16	39	8
16	15	1
16	22	4
16	18	1
16	31	6
16	1	1
16	3	2
16	7	9
16	20	1
18	39	1
18	20	2
18	16	2
18	31	5
18	1	2
18	3	4
18	15	3
31	10	3
31	39	3
31	15	3
31	22	1
31	16	5
31	18	4
31	1	1
31	3	3
31	7	5
31	20	8
1	3	2
1	31	1
1	22	1
1	16	1
3	10	2
3	15	2
3	22	2
3	16	2
3	18	1
3	31	1
3	1	6
3	7	1
3	9	1
3	20	1
7	10	4
7	39	6
7	20	1
7	16	8
7	18	1
7	31	3
7	1	2
32	16	1
9	31	1
9	20	1
9	16	1
20	10	1
20	31	3
20	15	4
20	18	6
20	16	2
