24	20	2
24	14	2
24	17	2
24	19	2
24	1	2
24	4	3
24	8	2
10	14	5
10	22	3
10	16	5
10	19	1
10	4	1
10	6	2
10	8	2
20	14	3
20	17	1
14	24	3
14	10	3
14	20	2
14	22	2
14	17	1
14	16	1
14	19	2
14	4	1
14	7	4
14	6	1
14	8	4
17	10	3
17	20	1
17	14	5
17	22	1
17	16	3
17	19	1
17	4	1
17	7	2
17	6	1
16	24	1
16	10	2
16	20	4
16	14	4
16	22	1
16	19	1
16	1	6
16	4	7
16	7	1
16	6	3
16	8	6
19	24	2
19	8	8
19	4	2
19	17	5
19	7	3
18	7	1
22	24	1
22	10	5
22	20	1
22	14	1
22	17	1
22	19	1
22	1	1
22	7	2
22	6	1
22	8	4
1	8	2
1	16	6
1	20	1
1	4	9
1	10	3
4	24	2
4	14	1
4	17	2
4	16	7
4	19	2
4	1	6
4	7	5
4	6	3
4	8	11
7	24	2
7	10	1
7	14	2
7	22	4
7	19	3
7	18	1
7	17	1
7	8	4
6	24	1
6	20	1
6	14	2
6	22	1
6	16	4
6	4	3
6	8	1
8	24	4
8	10	4
8	20	1
8	14	4
8	17	2
8	16	4
8	19	8
8	22	5
8	1	4
8	4	6
8	7	3
8	6	3
