11	22	3
11	28	1
11	3	4
11	2	1
11	6	1
11	8	1
24	22	1
24	28	4
24	1	8
24	3	1
24	2	5
24	7	1
24	6	4
24	8	3
15	2	2
15	17	1
15	22	1
15	7	1
17	22	2
17	23	1
22	11	2
22	24	2
22	15	1
22	17	1
22	23	2
22	28	2
22	3	2
22	2	1
22	7	5
22	6	7
22	9	1
22	8	2
23	11	1
23	17	1
23	22	1
23	28	1
23	3	1
23	2	1
23	7	3
23	8	1
28	11	1
28	24	4
28	15	2
28	17	1
28	22	4
28	23	2
28	3	4
28	2	10
28	7	4
28	6	4
28	8	1
1	24	4
1	2	2
1	6	1
3	11	4
3	24	1
3	17	1
3	22	2
3	1	1
3	6	5
3	8	1
2	24	4
2	22	2
2	23	3
2	28	1
2	1	1
2	7	7
2	6	3
2	9	3
2	8	3
7	11	2
7	17	1
7	22	4
7	23	2
7	28	4
7	3	2
7	2	6
7	9	1
7	8	4
6	11	1
6	24	10
6	22	3
6	23	2
6	28	7
6	1	1
6	3	5
6	2	1
6	7	2
6	9	1
6	8	2
9	11	1
9	24	1
9	22	1
9	28	3
9	7	3
9	8	1
8	11	4
8	22	2
8	28	4
8	3	1
8	2	7
8	7	4
8	9	1
