11	10	6
11	15	4
11	14	2
11	18	6
11	4	2
11	7	1
11	8	4
10	11	6
10	15	3
10	14	1
10	22	2
10	4	3
10	7	4
10	8	7
12	18	1
12	22	1
12	7	2
12	29	3
15	11	5
15	14	6
15	22	3
15	18	23
15	1	13
15	3	21
15	4	1
15	8	11
14	11	2
14	10	2
14	12	1
14	15	9
14	22	4
14	18	8
14	31	2
14	1	1
14	3	14
14	4	8
14	7	3
14	8	6
22	10	5
22	15	2
22	14	3
22	18	4
22	31	1
22	3	6
22	4	12
22	7	7
22	8	2
18	11	17
18	10	2
18	12	1
18	15	15
18	14	7
18	31	1
18	1	2
18	3	1
18	4	1
18	7	1
18	8	17
31	12	1
31	22	1
31	18	3
31	29	1
31	4	3
31	7	1
29	22	1
29	18	1
29	31	1
29	4	2
29	7	1
29	8	1
1	11	1
1	15	8
1	14	2
1	22	2
1	18	4
1	31	1
1	3	5
1	4	1
3	10	1
3	15	26
3	14	8
3	22	9
3	18	4
3	1	4
3	4	6
3	7	2
4	11	3
4	10	4
4	12	1
4	15	6
4	14	7
4	22	16
4	18	4
4	31	1
4	3	8
4	7	3
4	8	1
7	11	1
7	10	6
7	12	1
7	15	1
7	14	3
7	22	8
7	18	2
7	3	1
7	4	3
7	8	2
8	11	4
8	10	6
8	15	4
8	14	8
8	22	4
8	18	13
8	31	2
8	3	5
8	4	5
8	7	2
