11	26	3
11	38	5
11	21	1
11	19	1
11	18	4
11	1	1
11	3	2
11	7	4
11	8	4
10	11	1
10	26	1
10	38	5
10	21	3
10	18	5
10	3	3
10	5	2
10	7	4
10	8	3
10	14	1
26	11	1
26	38	6
26	21	2
26	19	3
26	1	3
26	3	1
26	7	2
26	8	1
38	11	2
38	10	2
38	26	1
38	21	1
38	1	2
38	5	1
38	7	4
38	8	1
21	10	4
21	26	2
21	38	2
21	14	1
21	19	1
21	18	1
21	1	3
21	3	3
21	5	4
21	7	1
21	8	3
16	11	1
19	11	1
19	3	1
19	7	4
18	11	2
18	10	10
18	26	1
18	38	1
18	1	1
18	3	1
18	5	1
18	7	9
18	8	2
1	18	2
1	26	1
1	5	6
1	21	1
3	11	2
3	10	1
3	26	1
3	38	4
3	21	1
3	19	2
3	18	6
3	5	1
3	7	3
3	8	4
5	11	4
5	26	1
5	38	2
5	21	2
5	18	5
5	1	7
5	3	1
5	7	2
5	8	2
7	11	2
7	10	10
7	26	3
7	38	2
7	16	1
7	19	1
7	18	6
7	1	1
7	3	4
7	5	1
7	8	5
8	11	4
8	10	4
8	26	4
8	38	1
8	21	1
8	19	2
8	18	2
8	3	2
8	5	1
8	7	7
14	8	1
