11	39	1
11	30	2
11	14	1
11	22	1
10	26	3
10	22	1
10	30	3
10	28	4
10	5	3
10	7	7
10	70	3
10	9	4
26	22	1
26	33	4
26	30	12
26	5	3
26	4	11
26	7	1
26	70	4
14	11	1
14	30	1
14	5	2
14	22	1
14	7	1
22	11	2
22	10	2
22	26	2
22	14	3
22	30	4
22	39	2
22	5	4
22	70	4
22	9	1
33	10	1
33	26	3
33	30	2
33	39	1
33	4	1
33	7	2
30	10	1
30	26	10
30	14	1
30	22	5
30	28	1
30	5	4
30	4	2
30	7	6
30	70	4
30	9	1
28	10	3
28	39	8
28	33	1
28	5	2
28	4	3
28	70	1
28	9	3
39	10	2
39	26	1
39	22	3
39	30	1
39	28	3
39	5	5
39	4	3
39	7	4
39	70	2
39	9	4
5	10	5
5	26	4
5	14	1
5	22	4
5	33	1
5	30	5
5	28	4
5	39	3
5	4	3
5	7	12
5	70	6
5	9	2
4	26	8
4	30	3
4	28	3
4	39	4
4	5	7
4	7	2
4	70	6
4	9	1
7	10	8
7	39	9
7	33	1
7	30	5
7	28	2
7	5	5
7	4	6
7	70	6
7	9	1
70	11	1
70	10	6
70	39	2
70	14	1
70	22	9
70	30	8
70	28	4
70	5	7
70	4	4
70	7	4
70	9	3
9	10	8
9	26	2
9	22	1
9	30	2
9	28	4
9	39	1
9	5	2
9	7	5
9	70	5
