24	25	1
25	24	1
25	39	1
25	20	1
25	16	2
25	34	5
25	8	3
39	25	3
39	27	4
39	17	1
39	33	1
39	36	4
39	34	1
27	39	6
27	20	7
27	17	5
27	33	4
27	36	2
27	1	1
20	25	4
20	39	2
20	27	6
20	17	5
20	16	4
20	33	1
20	36	4
20	34	5
20	1	1
20	8	1
17	27	6
17	20	3
17	16	7
17	33	2
17	36	1
17	8	2
16	24	1
16	25	3
16	39	2
16	27	4
16	20	1
16	17	5
16	33	1
16	36	3
16	34	1
16	1	2
33	25	2
33	39	1
33	27	2
33	20	6
33	17	1
33	16	1
33	36	6
33	34	2
33	8	1
30	33	1
36	25	4
36	39	1
36	27	1
36	20	2
36	16	1
36	33	4
34	24	1
34	25	1
34	27	1
34	20	6
34	16	5
34	36	4
34	1	1
34	8	1
1	25	1
1	27	2
1	20	1
1	17	1
1	16	4
1	33	1
1	36	1
1	34	1
8	39	1
8	20	1
8	17	1
8	16	1
8	36	1
8	34	2
