77	10	6
77	14	3
77	17	1
77	23	7
77	33	3
77	18	1
77	9	1
26	10	1
26	14	3
26	23	3
26	33	1
26	29	2
26	41	4
26	3	3
14	77	3
14	26	2
14	17	2
14	23	7
14	33	3
14	18	7
14	29	2
14	41	3
14	1	1
14	3	1
14	10	1
17	26	1
17	14	1
17	23	1
17	33	3
17	18	1
17	41	5
17	77	1
17	3	1
17	9	1
23	10	2
23	26	1
23	14	5
23	17	1
23	33	3
23	18	3
23	29	2
23	41	1
23	77	8
23	9	1
33	26	1
33	17	1
33	23	5
33	18	3
33	29	1
33	77	7
33	3	1
18	10	3
18	26	1
18	14	4
18	23	4
18	33	3
18	41	10
18	77	3
18	9	2
29	77	1
29	26	3
29	14	1
29	10	1
29	33	3
29	18	1
29	41	2
29	1	1
41	77	3
41	26	3
41	14	3
41	17	2
41	18	12
41	29	1
41	1	1
1	33	1
1	3	1
1	29	1
1	41	3
3	33	6
3	23	1
9	77	1
9	26	1
9	41	1
9	14	2
9	23	1
10	14	2
10	17	2
10	33	1
10	18	1
10	41	2
10	77	2
