11	27	2
11	21	1
11	7	2
10	11	5
10	25	1
10	13	9
10	27	2
10	21	23
10	19	4
10	3	2
10	5	7
10	7	8
13	10	8
13	27	1
13	21	7
13	17	3
13	19	1
13	3	7
13	5	5
13	7	2
13	9	1
27	11	2
27	10	3
27	13	1
27	21	5
27	17	9
27	25	6
27	19	17
27	18	10
27	1	2
27	3	16
27	7	7
27	9	1
21	10	29
21	13	9
21	27	6
21	17	10
21	25	2
21	19	6
21	18	2
21	1	2
21	3	8
21	5	6
21	7	1
21	9	1
17	11	1
17	10	3
17	13	1
17	27	11
17	21	8
17	25	1
17	19	1
17	18	6
17	1	7
17	3	9
17	5	9
17	7	1
17	9	2
25	10	1
25	27	2
25	21	2
25	19	2
25	18	2
25	3	2
25	5	1
25	9	2
19	10	4
19	13	1
19	27	7
19	21	3
19	17	3
19	25	2
19	18	3
19	3	5
19	5	3
19	9	9
18	10	1
18	13	1
18	27	9
18	21	1
18	17	4
18	19	3
18	3	9
18	7	6
18	9	2
1	10	1
1	13	2
1	27	9
1	21	4
1	17	8
1	18	1
1	5	1
3	11	1
3	10	8
3	13	5
3	27	16
3	21	20
3	17	10
3	25	1
3	19	9
3	18	11
3	1	2
3	5	6
3	7	2
3	9	4
5	10	4
5	13	6
5	27	3
5	21	7
5	17	8
5	19	3
5	1	6
5	3	9
5	9	1
7	11	2
7	10	5
7	3	2
7	27	6
7	18	4
9	10	1
9	13	1
9	27	4
9	21	2
9	19	2
9	3	3
