24	10	4
24	12	9
24	15	2
24	22	11
24	25	1
24	33	6
24	1	5
24	4	25
24	9	2
10	24	1
10	25	2
10	13	1
10	12	3
10	20	4
10	33	6
10	4	4
10	7	2
10	9	1
10	15	3
13	24	1
13	10	3
13	12	5
13	15	2
13	22	3
13	25	1
13	33	2
13	7	1
12	24	19
12	10	1
12	13	4
12	20	2
12	22	16
12	25	3
12	33	8
12	1	1
12	4	10
12	9	6
12	15	4
15	24	1
15	10	6
15	13	5
15	12	5
15	22	1
15	25	4
15	33	7
15	1	3
15	4	9
15	7	1
15	9	1
22	24	9
22	10	1
22	13	2
22	12	12
22	15	2
22	25	3
22	33	6
22	18	2
22	1	2
22	4	1
22	7	1
22	9	2
22	20	8
25	10	3
25	12	5
25	15	2
25	33	1
25	4	1
25	7	1
25	9	1
25	20	3
33	24	9
33	10	1
33	13	4
33	12	4
33	15	7
33	22	8
33	25	3
33	1	1
33	4	9
33	7	4
33	9	3
33	20	2
18	7	1
1	24	5
1	12	2
1	4	11
4	24	17
4	10	6
4	13	5
4	12	15
4	15	19
4	22	3
4	25	1
4	33	4
4	1	8
4	7	2
4	9	4
7	10	2
7	13	3
7	12	2
7	15	2
7	22	1
7	33	1
7	18	2
9	24	1
9	10	2
9	12	2
9	15	2
9	22	4
9	33	2
9	4	3
9	20	3
20	24	2
20	25	1
20	12	3
20	4	1
20	22	7
