24	27	1
24	15	1
24	16	1
24	44	1
24	35	2
24	2	1
24	4	1
24	7	1
24	8	3
10	3	2
10	27	2
10	15	3
10	4	4
10	7	3
26	10	2
26	27	2
26	15	1
26	16	4
26	44	5
26	35	4
26	3	1
26	2	4
27	24	1
27	10	2
27	15	2
27	16	3
27	35	3
27	4	2
27	7	4
15	24	1
15	10	2
15	26	1
15	27	4
15	16	4
15	44	6
15	35	5
15	2	2
15	4	6
15	7	3
16	24	6
16	10	2
16	26	2
16	27	2
16	15	6
16	25	2
16	44	4
16	35	3
16	2	11
16	4	3
16	7	5
44	10	1
44	26	7
44	27	1
44	15	2
44	16	4
44	35	1
44	2	8
44	4	3
44	7	3
35	24	1
35	10	1
35	26	1
35	27	3
35	15	2
35	16	3
35	44	7
35	3	1
35	7	3
35	8	1
3	10	2
3	2	3
3	7	3
2	24	1
2	10	1
2	26	5
2	27	2
2	15	3
2	16	13
2	44	2
2	35	1
2	3	3
2	4	2
2	7	2
2	25	1
4	24	2
4	10	2
4	27	3
4	15	5
4	16	4
4	44	3
4	35	4
4	3	2
4	2	1
4	25	1
4	7	3
4	8	1
7	10	1
7	27	3
7	15	4
7	16	4
7	35	1
7	2	2
7	4	4
8	24	1
25	24	1
25	27	2
25	2	1
25	7	2
25	16	1
