24	25	4
24	15	1
24	66	13
24	23	3
24	18	1
24	42	5
24	35	2
24	2	6
24	4	5
24	7	1
24	6	1
25	24	4
25	15	2
25	66	14
25	23	14
25	19	1
25	18	7
25	42	4
25	88	3
25	2	4
25	4	4
25	7	8
25	6	2
15	24	1
15	25	2
15	23	3
15	18	1
15	42	1
15	88	1
15	2	1
15	66	1
66	24	10
66	25	15
66	15	1
66	23	8
66	18	6
66	42	7
66	88	3
66	2	9
66	4	9
66	7	9
66	6	6
23	24	2
23	25	9
23	15	1
23	66	8
23	42	12
23	88	1
23	2	8
23	4	2
23	7	5
23	6	6
19	25	1
19	42	1
18	24	3
18	15	1
18	7	1
18	23	4
18	42	2
18	88	5
18	66	4
18	6	1
42	24	4
42	25	8
42	23	9
42	19	1
42	18	4
42	35	3
42	88	1
42	66	6
42	6	5
35	24	3
35	25	2
35	23	1
35	42	1
35	4	1
35	66	4
88	18	1
88	2	1
88	25	2
88	66	2
88	23	1
2	24	4
2	25	9
2	15	2
2	7	11
2	23	5
2	18	2
2	66	5
4	24	4
4	25	4
4	15	1
4	66	5
4	23	4
4	42	3
4	35	2
4	2	4
4	7	3
4	6	3
7	25	8
7	23	5
7	18	2
7	2	7
7	4	1
7	66	10
7	6	1
6	24	1
6	25	2
6	23	3
6	18	1
6	42	10
6	35	2
6	4	3
6	66	7
