10	20	11
10	17	8
10	23	1
10	3	5
10	2	1
10	4	3
10	7	8
10	6	14
10	9	2
20	10	14
20	22	1
20	17	4
20	23	4
20	1	1
20	4	13
20	7	9
20	6	6
20	9	1
20	8	2
21	8	2
21	3	1
17	10	3
17	20	8
17	21	1
17	3	5
17	2	1
17	4	4
17	7	2
17	6	4
17	9	3
23	20	5
23	3	1
23	2	1
23	4	2
23	7	3
23	9	2
23	8	1
22	21	1
22	6	1
1	20	4
1	21	1
1	17	1
1	23	1
1	3	1
1	2	4
1	4	1
3	10	4
3	17	2
3	1	1
3	2	2
3	4	3
3	7	5
3	6	12
3	9	2
2	10	1
2	20	2
2	23	1
2	1	3
2	3	7
2	4	1
2	7	1
2	6	3
4	10	7
4	20	5
4	21	1
4	17	5
4	23	1
4	3	3
4	2	3
4	7	7
4	6	10
4	8	1
7	10	9
7	20	7
7	17	4
7	3	7
7	4	6
7	6	11
7	9	4
7	8	1
6	10	16
6	20	6
6	21	1
6	17	5
6	23	1
6	3	7
6	2	4
6	4	8
6	7	7
6	9	2
6	8	2
9	10	4
9	17	4
9	3	1
9	4	1
9	7	5
9	6	1
8	20	4
8	22	1
8	17	2
