11	10	2
11	26	6
11	22	1
11	2	2
11	5	1
11	7	2
11	8	4
10	11	6
10	26	2
10	14	3
10	22	1
10	2	1
10	5	7
10	7	3
10	8	1
26	11	8
26	10	3
26	22	6
26	3	1
26	2	1
26	5	5
26	7	3
26	8	2
14	10	2
14	16	2
14	3	1
14	2	7
14	5	1
14	7	1
14	8	3
22	11	1
22	14	1
22	16	3
22	3	4
22	2	1
22	5	4
22	7	1
22	8	4
16	11	1
16	3	1
16	26	3
16	14	1
16	22	5
19	8	1
19	6	1
3	26	2
3	14	4
3	22	1
3	16	7
3	2	1
3	5	1
3	7	1
3	8	2
2	11	1
2	10	3
2	26	3
2	14	2
2	19	1
2	3	1
2	5	1
2	7	1
2	6	2
2	8	4
5	10	4
5	26	8
5	14	1
5	22	2
5	3	5
5	2	3
5	7	2
5	6	1
5	8	1
7	11	6
7	8	1
7	26	1
7	2	1
7	10	3
6	11	1
8	11	1
8	10	3
8	26	2
8	14	7
8	22	2
8	19	1
8	3	5
8	2	4
8	5	5
