25	27	6
25	21	2
25	17	8
25	55	1
25	18	4
25	7	1
25	9	4
25	8	7
25	93	2
25	84	2
27	25	11
27	21	2
27	55	2
27	18	5
27	7	1
27	9	1
27	8	15
27	80	4
27	84	9
21	25	1
21	27	3
21	17	2
21	55	5
21	18	5
21	9	1
21	8	3
21	80	5
17	25	3
17	55	1
17	18	4
17	7	1
17	9	1
17	8	6
17	84	2
55	25	1
55	27	10
55	21	6
55	18	4
55	8	9
55	80	10
55	84	2
18	25	6
18	27	7
18	17	3
18	55	5
18	99	1
18	88	1
18	7	6
18	9	1
18	8	14
18	80	11
18	93	3
18	84	12
99	18	2
99	7	1
99	25	1
88	8	1
88	80	1
88	93	1
88	84	2
88	25	1
7	27	1
7	21	1
7	17	1
7	55	1
7	18	3
7	99	2
7	9	2
7	8	4
7	80	9
7	84	7
9	25	3
9	80	1
9	84	4
9	17	4
9	7	1
8	25	10
8	27	5
8	17	2
8	55	7
8	18	12
8	7	9
8	9	4
8	80	23
8	84	8
80	25	1
80	27	1
80	21	2
80	17	4
80	55	5
80	18	8
80	99	1
80	88	5
80	7	18
80	9	1
80	8	11
80	84	6
93	8	1
93	25	1
93	84	1
93	18	1
84	25	1
84	27	2
84	17	9
84	55	2
84	18	5
84	99	1
84	88	2
84	7	6
84	9	1
84	8	7
84	80	8
84	93	2
