10	20	11
10	21	3
10	17	5
10	16	11
10	19	4
10	18	4
10	23	4
10	28	2
10	3	10
10	4	4
26	15	1
26	21	2
26	16	1
26	18	4
26	3	1
26	4	10
20	10	11
20	21	8
20	17	2
20	16	11
20	19	2
20	18	8
20	3	5
20	4	6
21	10	4
21	20	5
21	17	2
21	16	10
21	19	3
21	23	3
21	28	7
21	3	1
21	4	7
17	10	3
17	20	2
17	21	3
17	16	4
17	19	5
17	18	2
17	23	3
17	28	1
17	3	1
17	4	5
17	9	1
16	10	7
16	20	3
16	21	15
16	17	14
16	23	9
16	19	10
16	18	4
16	3	5
16	4	7
16	15	1
19	10	5
19	20	5
19	21	2
19	17	8
19	16	3
19	18	1
19	23	5
19	3	4
19	4	1
19	9	3
19	15	2
18	10	7
18	26	2
18	20	4
18	17	3
18	16	10
18	19	3
18	3	11
18	4	11
18	9	1
23	10	3
23	20	3
23	21	2
23	16	2
23	19	2
23	18	1
23	3	3
28	10	2
28	15	1
28	21	1
28	17	2
28	16	1
3	10	4
3	26	1
3	20	4
3	17	6
3	16	6
3	19	7
3	18	4
3	23	5
3	4	3
3	15	4
4	10	10
4	26	3
4	20	5
4	21	9
4	17	4
4	16	10
4	19	2
4	18	16
4	3	1
4	9	1
9	26	1
9	15	1
9	3	1
9	17	1
9	16	1
15	19	2
15	18	2
15	3	2
15	28	1
15	16	2
