24	10	3
24	20	5
24	14	1
24	23	3
24	18	7
24	31	6
24	45	1
24	37	1
24	50	2
24	2	1
24	6	4
24	8	5
10	24	5
10	14	14
10	18	3
10	31	8
10	45	3
10	37	1
10	2	2
10	6	1
10	8	8
20	24	4
20	14	2
20	23	5
20	18	2
20	31	4
20	2	1
20	6	1
20	8	2
14	24	2
14	10	12
14	20	2
14	22	1
14	18	5
14	31	3
14	45	1
14	37	8
14	2	4
14	6	3
14	8	8
22	8	5
22	37	8
22	18	3
22	6	4
23	24	3
23	20	3
23	22	1
23	18	1
23	37	2
23	50	1
23	6	1
23	8	9
18	24	5
18	10	7
18	20	6
18	14	4
18	23	5
18	31	8
18	37	2
18	2	1
18	6	4
18	8	6
31	24	4
31	10	6
31	20	2
31	14	2
31	23	1
31	18	5
31	45	3
31	6	2
31	8	1
45	24	1
45	10	5
45	14	2
45	18	2
45	31	2
45	2	2
37	24	1
37	10	1
37	20	1
37	14	10
37	22	6
37	23	3
37	45	1
37	50	3
37	2	3
37	6	6
37	8	17
50	24	2
50	20	1
50	23	1
50	37	1
50	2	8
50	6	2
50	8	1
2	24	1
2	10	2
2	20	1
2	14	7
2	22	1
2	23	1
2	37	2
2	50	4
2	6	1
2	8	5
6	24	8
6	10	3
6	20	2
6	14	2
6	23	3
6	18	10
6	31	3
6	45	1
6	37	3
6	50	1
6	2	2
6	8	4
8	24	8
8	10	8
8	20	3
8	14	7
8	22	1
8	23	4
8	18	13
8	31	5
8	45	1
8	37	10
8	50	5
8	2	10
8	6	5
