10	13	16
10	21	2
10	19	1
10	26	2
10	52	3
10	77	2
10	3	3
10	4	1
10	6	1
10	8	7
13	10	11
13	26	7
13	21	3
13	19	2
13	3	6
13	4	1
13	8	12
77	10	3
77	26	6
77	21	10
77	17	2
77	19	1
77	3	1
77	4	13
77	6	1
77	8	2
21	10	2
21	13	2
21	77	12
21	17	2
21	23	3
21	19	1
21	26	16
21	52	1
21	1	4
21	3	16
21	4	8
21	6	1
21	8	3
17	77	4
17	10	3
17	1	1
17	3	1
17	4	3
17	8	1
23	19	1
23	77	1
23	52	4
23	21	1
23	6	2
19	77	1
19	8	1
19	4	3
19	17	3
19	10	1
26	10	1
26	13	9
26	77	1
26	21	15
26	17	3
26	23	1
26	1	2
26	3	10
26	4	4
26	6	1
26	8	11
52	77	2
52	10	2
52	23	2
52	6	2
1	26	6
1	21	8
1	13	2
1	77	1
1	3	1
1	4	1
1	8	1
3	10	6
3	13	9
3	77	3
3	21	11
3	23	3
3	26	8
3	52	1
3	1	2
3	4	7
3	6	2
3	8	9
4	10	1
4	26	4
4	77	8
4	21	17
4	13	2
4	1	1
4	3	9
6	10	3
6	21	1
6	17	1
6	23	2
6	3	1
6	8	1
8	10	14
8	13	10
8	21	2
8	17	1
8	19	3
8	26	4
8	77	5
8	3	12
8	4	3
