11	10	3
11	13	4
11	33	7
11	44	1
11	29	1
11	5	2
11	6	1
11	8	4
10	11	4
10	33	2
10	44	2
10	29	4
10	5	1
10	6	1
10	9	2
10	8	6
13	11	1
13	10	8
13	44	13
13	30	4
13	28	3
13	29	8
13	6	4
13	9	3
13	8	2
20	17	2
20	33	4
20	28	5
20	29	3
20	6	1
20	9	1
17	13	1
17	20	5
17	33	6
17	28	2
17	5	1
17	6	4
17	9	3
33	11	5
33	10	2
33	13	1
33	20	3
33	17	8
33	44	4
33	30	2
33	28	3
33	29	5
33	5	9
33	6	5
33	9	6
33	8	8
44	11	3
44	10	1
44	13	7
44	20	1
44	17	1
44	33	2
44	30	7
44	28	3
44	29	5
44	5	10
44	6	8
44	9	3
44	8	4
30	11	1
30	13	4
30	17	1
30	33	3
30	44	7
30	5	7
30	6	3
30	9	2
30	8	1
28	13	3
28	20	3
28	17	3
28	33	4
28	44	2
28	29	4
28	5	1
28	6	4
29	11	1
29	10	3
29	13	10
29	20	3
29	33	5
29	28	4
29	6	1
29	9	1
29	8	3
5	11	2
5	13	3
5	20	3
5	17	1
5	33	17
5	44	13
5	30	4
5	6	3
5	8	6
6	11	1
6	10	2
6	13	10
6	17	1
6	33	6
6	44	5
6	30	1
6	28	3
6	5	11
6	9	1
6	8	3
9	11	1
9	10	2
9	13	2
9	20	4
9	17	1
9	44	1
9	28	1
9	29	2
9	8	1
8	11	6
8	10	3
8	13	4
8	33	9
8	44	8
8	29	3
8	5	3
8	6	3
