11	24	6
11	26	1
11	22	1
11	18	2
11	28	1
11	7	2
24	11	5
24	22	1
24	18	4
24	31	2
24	42	1
24	40	1
24	7	3
24	6	6
24	9	3
26	11	1
26	24	3
26	20	1
26	18	13
26	31	12
26	42	1
26	7	3
26	6	3
26	95	1
20	26	1
20	22	1
20	42	2
20	31	5
20	28	4
20	7	1
20	6	1
20	95	1
22	11	2
22	18	1
22	31	7
22	42	3
22	7	12
22	6	5
22	9	1
18	11	8
18	24	7
18	26	10
18	22	2
18	42	5
18	7	2
18	6	5
18	9	1
18	95	2
31	11	3
31	24	1
31	26	8
31	20	7
31	22	9
31	18	1
31	42	4
31	28	3
31	7	5
31	6	8
31	95	4
42	24	2
42	26	1
42	20	2
42	22	4
42	18	2
42	31	5
42	28	2
42	7	2
42	6	2
42	9	2
28	11	2
28	20	4
28	22	1
28	31	2
28	42	1
28	7	2
28	6	1
40	18	1
40	22	1
40	7	2
40	6	1
7	11	5
7	24	6
7	26	2
7	20	1
7	22	6
7	18	2
7	31	2
7	42	6
7	28	3
7	40	1
7	6	3
7	9	1
6	11	1
6	24	4
6	26	4
6	20	1
6	22	6
6	18	8
6	31	6
6	42	2
6	28	2
6	40	1
6	7	4
9	11	1
9	24	1
9	26	1
9	22	2
9	18	1
9	42	1
9	7	2
9	6	1
95	24	1
95	20	2
95	18	1
95	31	3
95	42	1
95	40	2
