11	10	6
11	17	1
11	22	4
11	55	2
11	29	4
11	1	1
11	5	2
11	8	2
11	64	1
10	11	6
10	21	2
10	22	3
10	55	4
10	29	15
10	52	3
10	5	5
10	7	1
10	8	4
10	64	1
21	11	1
21	10	3
21	22	9
21	17	1
21	55	5
21	29	4
21	1	7
21	5	2
21	8	4
21	64	4
17	11	2
17	10	2
17	5	6
17	29	1
17	55	1
55	11	1
55	10	4
55	21	2
55	17	2
55	22	2
55	29	2
55	52	3
55	5	3
55	8	4
55	64	2
22	11	3
22	10	5
22	21	12
22	29	8
22	52	2
22	1	4
22	5	2
22	7	2
22	8	9
29	11	5
29	10	11
29	22	11
29	17	3
29	55	7
29	52	3
29	1	1
29	5	1
29	9	1
29	8	5
52	55	1
52	8	7
52	7	2
52	10	5
1	11	1
1	10	2
1	21	4
1	17	3
1	55	2
1	22	6
1	29	1
1	5	1
1	9	1
1	8	2
1	64	2
5	11	2
5	10	7
5	21	1
5	22	1
5	55	5
5	29	3
5	1	1
5	64	1
5	8	5
7	55	1
7	29	3
7	22	1
7	52	1
9	8	1
9	7	1
9	52	1
8	11	5
8	10	8
8	21	8
8	22	6
8	55	8
8	29	7
8	52	3
8	5	4
8	9	2
8	64	1
64	1	1
64	8	2
64	21	2
64	55	2
