24	15	2
24	14	1
24	22	1
24	19	3
24	18	2
24	2	1
24	5	6
24	9	1
24	21	1
10	11	4
10	15	4
10	14	6
10	22	1
10	19	7
10	18	3
10	2	1
10	5	7
10	4	1
10	9	3
10	8	4
10	21	2
15	24	1
15	10	8
15	14	5
15	22	2
15	19	5
15	18	4
15	5	6
15	4	2
15	11	3
15	9	2
15	8	2
15	21	1
14	11	10
14	10	1
14	15	6
14	21	4
14	22	5
14	18	4
14	4	3
14	9	2
22	10	2
22	15	1
22	14	3
22	18	3
19	24	1
19	10	5
19	15	4
19	21	1
19	18	2
19	2	4
19	5	3
19	4	1
19	11	2
19	8	12
18	24	2
18	10	7
18	15	3
18	14	9
18	22	2
18	19	1
18	5	4
18	4	4
18	11	1
18	9	1
2	19	3
2	5	1
5	24	3
5	10	7
5	15	3
5	14	3
5	22	1
5	19	8
5	18	3
5	2	3
5	4	1
5	11	1
5	9	1
5	8	3
5	21	3
4	24	5
4	15	2
4	14	5
4	22	1
4	19	1
4	18	2
4	5	2
4	9	1
4	21	1
11	10	4
11	15	2
11	14	6
11	5	1
11	4	1
11	9	1
11	21	3
9	10	2
9	15	3
9	21	1
9	22	1
9	19	1
9	4	1
8	10	2
8	15	4
8	19	8
8	18	1
8	5	2
8	9	1
21	24	2
21	10	2
21	15	3
21	14	3
21	19	1
21	2	1
21	5	2
21	4	1
21	8	1
