10	13	8
10	15	2
10	14	4
10	23	8
10	19	2
10	32	6
10	77	3
10	9	2
10	21	2
13	10	2
13	15	2
13	14	4
13	23	13
13	19	1
13	32	3
13	1	7
13	77	2
13	9	1
13	21	13
15	10	5
15	14	2
15	19	4
15	32	1
15	77	1
15	21	3
14	10	6
14	13	6
14	15	3
14	21	11
14	23	7
14	19	6
14	32	9
14	1	1
14	77	6
14	9	2
23	10	7
23	13	12
23	77	4
23	14	4
23	32	6
23	26	1
23	1	6
23	9	7
19	10	4
19	15	1
19	14	3
19	23	1
19	77	4
19	21	2
32	10	5
32	26	4
32	15	2
32	14	4
32	23	8
32	19	2
32	1	1
32	77	5
32	9	2
26	9	2
26	77	1
26	14	1
1	13	6
1	21	1
1	23	4
1	32	1
1	77	1
1	7	1
1	9	8
77	10	1
77	13	1
77	15	2
77	14	6
77	19	6
77	32	5
77	26	1
77	7	1
77	9	3
77	21	1
7	77	1
9	10	2
9	15	2
9	14	3
9	23	1
9	19	1
9	32	10
9	77	2
21	10	4
21	13	6
21	15	4
21	14	12
21	23	1
21	19	4
21	26	1
21	1	3
21	77	1
21	7	1
21	9	1
