25	22	2
25	19	2
25	18	1
25	42	1
25	62	2
25	3	2
25	5	1
25	8	1
25	81	1
17	33	1
17	10	1
17	22	1
22	25	2
22	17	1
22	10	1
22	19	1
22	33	1
22	62	2
22	5	2
22	8	1
16	19	1
16	25	1
16	17	1
16	22	4
19	25	3
19	17	1
19	22	2
19	10	1
19	33	1
19	42	2
19	62	1
19	3	2
19	5	1
19	8	2
19	81	1
18	22	1
18	19	1
18	42	3
18	33	1
18	3	2
18	5	3
18	8	1
42	8	2
42	3	1
42	5	2
42	62	1
42	25	1
62	25	1
62	17	1
62	22	3
62	33	1
62	18	2
62	42	1
62	5	3
62	8	1
62	81	2
33	10	1
33	22	3
33	16	2
33	19	1
33	18	1
33	42	1
33	62	3
33	5	4
33	81	1
3	25	1
3	16	3
3	19	3
3	18	2
3	42	1
3	33	1
3	8	2
5	10	1
5	22	4
5	19	5
5	42	2
5	62	6
5	3	2
5	8	2
5	81	4
8	22	1
8	19	2
8	18	2
8	42	2
8	62	1
8	33	1
8	3	1
8	5	2
81	25	1
81	17	1
81	22	1
81	10	1
81	33	3
81	62	2
81	3	1
81	8	1
10	25	2
10	17	1
10	19	1
10	33	1
10	5	1
10	81	1
