11	10	3
11	13	1
11	15	2
11	19	1
11	30	3
11	77	7
11	8	1
11	87	1
10	11	5
10	13	5
10	20	4
10	19	6
10	30	5
10	77	4
10	9	2
10	8	3
10	87	4
13	10	5
13	30	2
13	34	5
13	77	1
13	9	2
13	8	1
13	87	8
15	19	1
15	30	2
15	20	1
15	87	1
22	11	1
22	10	1
19	10	2
19	20	8
19	30	2
19	34	1
19	15	1
19	9	1
19	8	3
19	87	1
30	11	3
30	10	6
30	13	1
30	15	2
30	19	2
30	20	4
30	77	3
30	8	4
30	87	1
34	11	6
34	13	2
34	20	2
34	19	1
34	30	1
34	8	1
34	87	2
77	11	4
77	10	4
77	13	3
77	20	2
77	22	1
77	30	3
77	15	2
77	8	2
9	11	1
9	10	1
9	20	1
9	30	1
9	8	3
9	87	1
8	11	3
8	10	5
8	13	3
8	20	2
8	19	5
8	30	4
8	77	5
8	15	1
8	87	3
20	19	2
20	9	1
20	30	1
20	15	2
87	11	1
87	10	5
87	13	8
87	15	1
87	19	1
87	30	4
87	34	3
87	8	4
