11	10	4
11	26	1
11	21	4
11	7	3
11	18	1
10	11	1
10	26	5
10	38	1
10	14	5
10	19	1
10	18	4
10	44	8
10	5	3
10	4	1
10	7	5
10	21	2
26	11	1
26	10	3
26	38	3
26	14	1
26	18	1
26	44	4
26	1	4
26	5	1
26	4	3
26	7	1
26	21	2
38	26	2
38	14	1
38	7	1
38	44	2
14	11	2
14	10	3
14	26	3
14	38	1
14	23	1
14	18	3
14	44	5
14	5	2
14	7	1
23	10	1
23	26	2
23	14	1
23	18	1
23	44	2
23	4	2
19	10	1
19	26	1
19	4	1
19	23	1
18	11	1
18	10	4
18	26	1
18	14	1
18	23	1
18	44	3
18	1	3
18	5	3
18	4	1
18	7	3
18	21	2
44	11	1
44	10	7
44	26	2
44	38	2
44	14	8
44	23	2
44	19	2
44	18	1
44	5	3
44	4	5
44	7	4
44	21	2
1	11	1
1	21	1
1	18	1
1	5	2
1	4	3
1	7	1
5	10	2
5	21	2
5	23	1
5	19	1
5	18	5
5	44	8
5	1	2
5	4	5
5	14	1
4	11	4
4	10	4
4	26	8
4	14	2
4	23	1
4	18	1
4	44	5
4	1	3
4	5	4
4	7	1
4	21	2
7	11	1
7	10	4
7	26	3
7	38	2
7	14	3
7	18	2
7	5	1
7	21	1
21	11	2
21	10	2
21	26	3
21	14	1
21	18	1
21	44	2
21	5	1
21	4	2
21	7	2
