10	13	6
10	20	1
10	14	3
10	23	2
10	19	12
10	3	7
10	2	1
10	9	5
10	8	3
10	21	3
13	10	5
13	21	4
13	19	7
13	2	2
13	9	2
13	8	5
12	19	1
12	8	4
12	3	4
12	20	3
12	23	1
20	10	1
20	12	1
20	14	2
20	23	3
20	19	1
20	1	2
20	27	2
20	2	3
20	8	3
14	10	3
14	13	4
14	20	1
14	21	2
14	23	6
14	19	9
14	1	1
14	3	4
14	2	2
14	9	2
14	8	7
23	10	2
23	13	2
23	12	3
23	14	7
23	19	3
23	1	4
23	3	6
23	2	4
23	9	1
23	8	11
23	21	2
19	10	17
19	13	2
19	12	1
19	20	1
19	14	4
19	23	1
19	3	8
19	27	1
19	9	3
19	8	7
19	21	2
1	13	2
1	20	1
1	21	2
1	23	6
1	3	1
1	2	4
1	8	1
27	19	3
3	10	12
3	13	1
3	12	1
3	14	6
3	23	4
3	19	4
3	27	1
3	2	2
3	9	2
3	8	8
3	21	2
2	10	2
2	13	2
2	12	2
2	20	1
2	14	4
2	23	12
2	19	1
2	1	4
2	3	1
2	27	1
2	8	10
2	21	6
9	19	8
9	8	1
9	13	1
9	14	1
9	10	2
8	10	7
8	13	6
8	12	3
8	20	4
8	14	5
8	23	6
8	19	8
8	1	1
8	27	2
8	3	9
8	2	6
8	9	2
8	21	7
21	10	2
21	13	1
21	14	11
21	23	2
21	19	7
21	3	8
21	2	6
21	8	5
