12	20	1
12	14	5
12	22	1
12	2	1
12	4	3
12	7	7
12	8	3
20	12	2
20	14	1
20	22	3
20	23	2
20	19	1
20	7	3
20	6	1
20	8	5
14	12	2
14	20	3
14	22	1
14	23	2
14	19	9
14	18	2
14	2	8
14	4	9
14	7	4
14	6	4
14	8	6
22	12	2
22	20	2
22	14	4
22	23	6
22	19	5
22	7	3
22	6	2
22	8	5
23	20	3
23	14	3
23	22	4
23	16	1
23	19	7
23	18	5
23	1	3
23	2	4
23	8	4
19	20	2
19	14	9
19	22	10
19	23	12
19	18	3
19	1	1
19	2	3
19	4	5
19	7	2
19	6	1
19	8	10
18	19	4
18	8	2
18	7	1
18	23	2
16	6	1
16	4	2
16	14	1
1	12	2
1	20	1
1	2	1
1	4	13
1	7	1
1	6	2
2	12	2
2	14	2
2	23	6
2	19	6
2	1	1
2	4	9
2	8	4
4	12	4
4	20	3
4	14	5
4	22	1
4	23	2
4	19	4
4	18	1
4	16	1
4	1	5
4	2	3
4	7	5
4	6	7
4	8	11
7	12	6
7	20	5
7	14	6
7	22	2
7	23	1
7	19	1
7	18	2
7	4	1
7	6	2
7	8	3
6	20	1
6	14	1
6	22	4
6	16	3
6	1	1
6	2	1
6	4	2
6	7	4
6	8	4
8	12	2
8	20	2
8	14	10
8	22	4
8	23	5
8	19	10
8	18	3
8	2	1
8	4	8
8	7	4
8	6	2
