11	10	7
11	21	1
11	22	2
11	33	21
11	44	2
11	28	6
11	29	10
11	74	1
11	5	1
11	66	2
11	6	3
11	8	10
10	11	6
10	21	1
10	22	2
10	33	3
10	44	1
10	29	5
10	5	1
10	66	7
10	6	1
10	8	4
21	11	4
21	44	1
22	11	2
22	10	2
22	44	3
22	5	1
22	29	1
33	11	10
33	10	4
33	21	2
33	22	1
33	32	5
33	44	2
33	28	4
33	29	8
33	74	2
33	5	12
33	66	1
33	6	3
33	8	9
32	21	1
32	33	1
32	44	4
32	5	4
32	66	2
32	6	1
44	11	1
44	10	3
44	21	2
44	22	1
44	33	4
44	32	3
44	28	2
44	29	3
44	74	1
44	5	6
44	66	6
44	6	3
44	8	2
28	11	3
28	33	4
28	44	2
28	29	6
28	74	2
28	5	5
28	66	3
28	6	3
29	11	16
29	10	1
29	21	2
29	22	3
29	33	5
29	28	6
29	74	2
29	66	4
29	8	3
74	11	1
74	22	1
74	28	2
74	29	4
74	66	3
74	6	2
5	11	7
5	10	3
5	21	2
5	22	2
5	33	14
5	32	2
5	44	5
5	28	5
5	29	1
5	74	1
5	66	1
5	6	2
5	8	9
66	11	2
66	10	8
66	21	1
66	33	1
66	44	8
66	28	3
66	29	6
66	74	1
66	5	1
66	6	2
66	8	3
6	11	4
6	10	1
6	33	2
6	44	4
6	28	2
6	29	3
6	74	1
6	5	8
6	66	3
6	8	3
8	11	10
8	10	7
8	22	1
8	33	12
8	32	1
8	29	4
8	5	8
8	66	1
8	6	5
