24	9	1
10	20	2
10	17	5
10	19	5
10	30	3
10	28	1
10	4	2
10	9	6
39	17	2
39	34	1
12	19	1
12	30	1
12	28	1
12	34	1
12	33	5
12	4	4
12	9	1
20	17	5
20	19	3
20	30	2
20	28	2
20	34	3
20	33	1
20	9	2
21	19	1
21	12	1
17	10	3
17	20	2
17	19	1
17	30	8
17	28	2
17	34	2
17	33	1
17	4	1
17	9	3
19	10	11
19	20	6
19	17	5
19	33	2
19	30	3
19	28	1
19	34	3
19	4	3
19	9	5
30	10	5
30	39	2
30	20	3
30	21	1
30	17	4
30	19	13
30	28	5
30	34	3
30	33	2
30	4	4
30	9	4
28	10	5
28	39	2
28	20	4
28	17	2
28	33	1
28	30	1
28	34	3
28	4	1
34	10	6
34	39	1
34	12	1
34	20	3
34	19	5
34	30	10
34	28	2
34	33	7
34	4	9
34	9	1
33	10	3
33	12	1
33	20	1
33	21	1
33	17	1
33	19	9
33	30	9
33	34	7
33	4	8
4	10	2
4	12	2
4	20	3
4	21	1
4	17	2
4	33	10
4	30	6
4	28	11
4	34	9
4	9	1
9	10	2
9	20	2
9	17	4
9	30	2
9	28	3
9	4	1
