11	26	12
11	14	2
11	23	5
11	99	5
11	5	2
11	7	4
11	6	1
11	90	1
11	92	4
99	11	5
99	26	4
99	23	1
99	5	3
99	7	6
99	9	1
99	90	1
99	92	2
26	11	3
26	99	5
26	14	2
26	23	8
26	16	1
26	77	1
26	5	2
26	7	5
26	6	2
26	92	6
14	11	1
14	23	1
14	16	2
14	77	8
14	3	2
14	5	6
14	7	6
14	6	1
14	9	1
14	90	1
14	92	3
16	11	1
16	99	1
16	26	2
16	14	3
16	23	6
16	77	1
16	5	4
16	7	1
16	6	3
16	90	1
16	92	1
23	11	7
23	99	6
23	26	10
23	16	4
23	77	1
23	3	6
23	5	5
23	7	4
23	6	2
23	90	1
23	92	3
77	14	3
77	16	1
77	99	1
77	3	1
77	7	4
77	92	1
3	99	2
3	26	1
3	14	6
3	23	3
3	16	1
3	77	1
3	5	4
3	7	1
3	92	1
5	11	3
5	14	9
5	23	6
5	99	2
5	3	5
5	7	7
5	6	3
5	9	2
5	90	2
5	92	2
7	11	4
7	99	3
7	26	3
7	14	4
7	23	5
7	77	4
7	3	2
7	5	3
7	6	2
7	9	1
7	90	6
7	92	3
6	26	1
6	14	3
6	23	4
6	16	2
6	5	4
6	7	4
6	92	1
9	90	1
9	92	1
9	14	2
9	7	1
90	99	1
90	5	1
90	7	2
92	11	2
92	77	1
92	26	8
92	99	5
92	7	1
