24	10	17
24	22	2
24	16	5
24	29	2
24	34	3
24	1	1
24	25	1
24	6	1
10	24	13
10	25	1
10	17	3
10	16	3
10	19	2
10	29	2
10	34	2
10	6	3
22	10	1
22	16	1
22	5	1
22	25	1
22	6	1
17	24	4
17	10	5
17	22	1
17	16	4
17	19	7
17	29	4
17	34	2
17	1	2
17	5	3
17	25	2
17	6	8
16	24	3
16	10	2
16	17	4
16	22	4
16	25	2
16	34	1
19	24	2
19	10	2
19	17	2
19	29	2
19	34	2
19	5	2
19	6	1
19	11	2
29	24	5
29	10	5
29	17	2
29	16	1
29	19	1
29	25	1
29	6	3
34	24	3
34	10	7
34	17	9
34	16	2
34	19	1
34	29	3
34	1	3
34	5	3
34	25	1
34	6	9
34	11	1
1	24	3
1	10	2
1	17	6
1	16	2
1	29	1
1	34	9
1	5	2
1	6	6
5	10	1
5	17	2
5	22	2
5	25	3
5	19	2
5	29	1
5	1	1
5	6	3
25	29	1
25	5	3
25	22	2
25	17	2
25	6	2
6	24	1
6	10	2
6	17	7
6	22	1
6	25	2
6	19	1
6	29	3
6	34	7
6	1	13
6	5	5
6	11	1
11	24	1
11	10	1
11	19	3
11	25	1
