11	10	3
11	27	1
11	21	1
11	33	3
11	9	2
11	8	1
10	11	7
10	26	2
10	27	1
10	21	2
10	19	2
10	33	5
10	3	4
10	9	2
10	8	3
26	1	1
26	19	4
26	3	1
26	27	3
26	33	1
27	11	1
27	10	1
27	26	2
27	21	1
27	3	1
27	9	5
15	26	1
21	11	1
21	10	1
21	26	1
21	27	1
21	19	1
21	33	1
21	3	1
21	9	4
21	8	2
16	33	1
16	10	2
19	11	1
19	10	3
19	26	3
19	27	2
19	21	2
19	16	2
19	1	1
19	3	3
19	9	2
19	8	3
1	10	9
1	26	2
1	19	3
1	33	1
1	3	1
1	9	3
1	8	1
33	11	1
33	10	9
33	19	2
33	3	5
33	9	5
33	8	1
3	10	3
3	27	1
3	21	1
3	19	3
3	1	2
3	33	8
3	9	3
3	8	2
9	11	1
9	10	8
9	27	2
9	21	3
9	33	2
9	3	1
9	8	2
8	26	4
8	27	1
8	21	4
8	19	4
8	1	3
8	3	3
