11	10	1
11	22	1
11	33	3
11	88	3
11	89	3
11	5	1
11	6	1
10	11	2
10	22	1
10	33	1
10	77	6
10	88	1
10	6	3
10	9	1
77	10	7
77	22	1
77	44	2
77	1	1
77	88	4
77	89	5
77	5	3
77	6	4
22	11	4
22	89	5
33	11	3
33	77	1
33	22	4
33	44	3
33	1	4
33	88	2
33	89	1
33	5	2
33	6	1
44	10	1
44	77	2
44	22	1
44	33	8
44	1	2
44	88	4
44	5	3
44	6	1
1	33	3
1	77	1
1	88	1
1	5	2
1	6	4
1	9	2
88	10	2
88	22	2
88	33	5
88	44	2
88	77	11
88	89	4
88	5	3
88	6	1
89	11	2
89	10	2
89	77	1
89	33	1
5	11	1
5	77	4
5	22	1
5	33	3
5	44	6
5	1	2
5	88	3
6	11	2
6	10	4
6	77	3
6	33	1
6	44	1
6	1	1
6	88	2
6	5	4
6	9	1
6	8	1
9	10	1
9	8	1
15	6	1
