24	25	9
24	12	2
24	22	11
24	17	5
24	23	1
24	34	2
24	1	3
24	3	1
24	5	2
24	7	5
24	8	2
24	10	2
25	24	10
25	10	2
25	12	4
25	22	9
25	17	1
25	23	5
25	1	2
25	3	1
25	27	5
25	5	11
25	7	2
25	8	1
12	27	4
12	22	2
12	17	1
12	7	3
12	23	3
22	24	9
22	25	8
22	27	4
22	23	4
22	34	9
22	1	3
22	5	9
22	7	2
22	8	1
22	10	4
17	24	1
17	27	1
17	22	2
17	23	2
17	1	1
17	5	6
17	7	1
23	24	4
23	25	7
23	12	1
23	22	1
23	17	3
23	34	1
23	27	2
23	5	2
23	7	4
34	25	3
34	12	2
34	22	9
34	17	4
34	23	4
34	1	2
34	27	4
34	5	4
34	7	6
34	8	1
1	24	6
1	25	7
1	12	4
1	22	2
1	5	3
1	7	7
3	24	1
3	10	1
3	22	2
3	7	1
27	24	1
27	25	1
27	12	1
27	22	2
27	17	3
27	23	1
27	34	5
27	5	3
27	7	5
27	8	2
27	10	1
5	25	10
5	12	2
5	17	2
5	22	5
5	23	2
5	34	14
5	1	7
5	3	1
5	27	5
5	7	1
5	10	3
7	24	9
7	10	3
7	27	5
7	17	3
7	22	4
7	34	1
7	12	2
8	24	3
8	25	3
8	12	1
8	22	2
8	10	2
8	3	1
8	5	1
10	24	3
10	25	3
10	27	2
10	34	1
10	3	1
10	5	2
10	7	3
10	8	4
