10	17	1
10	22	1
10	6	2
26	10	2
26	21	8
26	22	1
26	1	5
26	5	3
26	4	2
26	7	1
26	6	14
26	8	4
21	10	1
21	26	7
21	19	2
21	28	2
21	1	1
21	5	7
21	4	9
21	7	7
21	6	13
21	8	2
22	10	4
22	26	1
22	19	2
22	28	4
22	4	3
22	7	4
22	6	1
22	8	3
19	21	3
19	22	5
19	28	1
19	5	1
19	4	3
19	7	3
19	6	1
19	8	5
28	26	2
28	21	1
28	22	6
28	19	6
28	1	2
28	5	1
28	4	9
28	7	4
1	26	1
1	22	1
1	19	1
1	28	5
1	5	3
1	6	2
1	8	1
5	26	7
5	21	5
5	22	2
5	28	7
5	1	1
5	7	3
5	6	1
4	21	4
4	22	5
4	19	11
4	28	3
4	5	1
4	7	10
4	6	3
4	8	8
7	26	3
7	21	7
7	22	4
7	19	3
7	28	5
7	5	5
7	4	6
7	6	2
6	10	1
6	26	5
6	21	13
6	22	5
6	19	2
6	28	1
6	1	3
6	5	1
6	4	2
6	8	13
8	26	2
8	21	2
8	22	2
8	19	3
8	5	1
8	4	11
8	7	3
8	6	3
17	19	1
17	7	1
17	6	1
