11	24	2
11	25	1
11	13	1
11	15	5
11	16	3
11	44	1
11	4	6
11	7	1
11	9	2
25	11	4
25	24	2
25	15	1
25	16	3
25	44	1
25	35	1
25	2	5
25	9	7
13	25	1
13	44	3
13	15	1
27	9	1
27	11	1
27	3	1
27	44	1
15	11	3
15	24	2
15	13	2
15	27	1
15	16	7
15	44	2
15	35	2
15	3	2
15	2	1
15	4	4
15	7	2
16	24	3
16	25	1
16	15	4
16	44	1
16	3	4
16	2	4
16	4	6
16	9	3
44	24	1
44	25	3
44	13	4
44	15	1
44	16	1
44	35	1
44	3	2
44	2	3
44	9	4
35	9	1
35	44	1
35	4	1
3	9	1
3	27	2
3	2	1
3	4	1
3	16	1
2	25	9
2	15	1
2	16	4
2	44	3
2	3	3
2	4	3
2	9	1
4	11	10
4	24	5
4	27	2
4	15	3
4	16	1
4	3	4
4	2	1
4	9	2
7	4	1
7	35	1
24	11	5
24	15	1
24	16	1
24	44	1
24	2	1
24	4	4
24	9	1
9	11	5
9	25	1
9	27	1
9	15	3
9	16	2
9	4	2
