11	10	3
11	13	13
11	15	1
11	17	8
11	16	10
11	19	2
11	34	7
11	6	3
11	8	6
10	8	2
10	13	1
10	6	1
13	11	9
13	10	1
13	17	6
13	16	7
13	19	1
13	34	5
13	3	2
13	6	2
13	8	5
15	11	1
15	13	1
15	17	15
15	16	2
15	34	15
15	1	11
15	3	11
15	8	7
17	11	14
17	10	1
17	13	7
17	15	12
17	16	6
17	19	4
17	34	7
17	1	2
17	8	12
16	11	9
16	10	2
16	13	5
16	17	4
16	19	4
16	34	9
16	3	2
16	6	7
16	8	3
19	11	3
19	13	2
19	15	1
19	17	4
19	34	3
19	8	4
34	11	5
34	13	5
34	15	11
34	17	24
34	16	7
34	19	4
34	1	4
34	3	12
34	6	11
34	8	11
1	15	13
1	17	1
1	19	1
1	34	6
1	3	9
1	6	2
1	8	4
3	11	1
3	13	1
3	15	11
3	17	2
3	16	2
3	34	17
3	1	11
3	6	16
3	8	3
6	11	4
6	13	4
6	17	1
6	16	17
6	34	6
6	1	2
6	3	9
6	8	6
8	11	7
8	10	1
8	13	6
8	15	5
8	17	5
8	16	6
8	34	16
8	1	1
8	3	9
8	6	6
