11	25	5
11	27	7
11	14	8
11	17	1
11	10	1
11	23	1
11	29	3
11	1	1
11	6	8
11	9	2
11	8	2
11	21	10
25	11	2
25	10	7
25	27	3
25	14	3
25	17	2
25	23	1
25	29	2
25	5	1
25	6	2
25	9	4
25	8	1
25	21	3
27	11	6
27	25	1
27	14	8
27	10	1
27	23	4
27	29	8
27	1	2
27	5	2
27	6	28
27	9	3
27	8	12
27	21	2
14	11	13
14	25	5
14	27	18
14	21	7
14	17	7
14	10	5
14	23	5
14	29	4
14	1	2
14	5	3
14	6	26
14	9	2
14	8	15
17	11	3
17	25	1
17	27	2
17	14	8
17	29	2
17	1	1
17	6	6
17	9	1
17	8	9
17	21	13
10	11	1
10	25	4
10	14	4
10	23	4
10	6	4
10	21	9
23	11	3
23	25	1
23	27	3
23	14	5
23	10	2
23	6	5
23	8	3
23	21	2
29	11	2
29	25	3
29	27	5
29	14	4
29	1	1
29	6	7
29	9	1
29	8	2
29	21	1
1	25	1
1	27	2
1	21	5
1	17	2
1	10	2
1	5	1
1	6	2
1	8	4
5	25	2
5	14	3
5	1	4
5	6	3
5	8	5
5	21	5
6	11	13
6	25	9
6	27	23
6	14	30
6	17	7
6	10	4
6	23	2
6	29	10
6	1	2
6	5	1
6	9	6
6	8	11
6	21	4
9	25	2
9	27	3
9	14	4
9	29	2
9	6	2
9	21	3
8	11	3
8	25	1
8	27	11
8	21	3
8	17	11
8	23	2
8	29	1
8	1	2
8	5	6
8	6	15
8	14	18
21	11	12
21	25	6
21	27	2
21	14	8
21	17	10
21	10	10
21	23	2
21	5	7
21	6	7
21	9	2
21	8	4
