10	17	8
10	22	1
10	19	1
10	28	4
10	2	7
10	4	4
10	7	10
10	21	1
13	10	3
13	21	2
13	22	1
13	1	1
13	2	1
13	6	2
21	10	3
21	17	4
21	22	1
21	19	1
21	28	2
21	4	1
21	7	2
17	10	6
17	21	3
17	22	3
17	19	1
17	28	10
17	4	3
17	7	5
19	1	1
19	14	1
19	17	3
19	7	1
19	6	1
22	10	4
22	2	1
22	28	2
22	17	2
22	7	5
28	10	6
28	21	2
28	17	8
28	19	1
28	22	5
28	2	2
28	4	2
28	7	6
28	6	2
28	14	1
1	10	1
1	28	3
1	4	1
1	22	15
1	6	1
2	13	2
2	28	1
2	22	3
2	7	4
4	10	1
4	28	3
4	22	1
4	17	3
4	6	4
7	10	6
7	17	2
7	22	2
7	19	1
7	28	2
7	2	1
7	5	1
7	14	1
6	10	4
6	13	2
6	21	1
6	17	5
6	28	2
6	1	1
6	4	3
14	19	1
14	10	2
14	2	1
14	22	1
14	17	1
