11	20	10
11	14	1
11	17	1
11	23	3
11	15	1
11	1	1
11	5	3
11	4	3
11	6	4
11	9	7
11	8	11
11	21	10
20	11	17
20	15	1
20	14	7
20	17	8
20	23	3
20	5	12
20	4	2
20	6	15
20	9	4
20	8	3
20	21	6
14	11	1
14	20	12
14	21	4
14	17	3
14	23	21
14	28	3
14	15	3
14	1	4
14	5	16
14	4	6
14	6	10
14	9	2
14	8	7
17	11	1
17	20	6
17	14	1
17	28	1
17	5	3
17	6	10
17	9	5
17	8	2
23	11	4
23	20	5
23	14	18
23	17	1
23	15	10
23	1	2
23	5	14
23	4	3
23	6	2
23	8	9
23	21	22
28	11	1
28	15	1
28	14	1
28	6	2
28	20	2
28	21	1
15	11	1
15	20	2
15	14	6
15	17	1
15	23	5
15	28	3
15	1	1
15	5	1
15	6	1
15	9	1
15	21	2
1	20	1
1	14	3
1	23	9
1	5	1
1	6	1
1	15	1
1	21	1
5	11	11
5	20	13
5	14	16
5	17	2
5	23	12
5	15	1
5	4	1
5	6	7
5	9	4
5	8	7
5	21	11
4	11	2
4	20	1
4	14	1
4	23	3
4	5	3
4	6	8
4	9	1
4	21	2
6	11	5
6	20	19
6	14	17
6	17	5
6	23	4
6	28	1
6	15	2
6	5	6
6	4	4
6	9	3
6	8	2
6	21	1
9	11	7
9	20	1
9	21	3
9	17	5
9	23	1
9	15	1
9	5	1
9	4	1
9	6	1
9	8	2
8	11	9
8	20	5
8	14	4
8	17	2
8	23	5
8	1	2
8	5	13
8	6	5
8	9	5
8	21	8
21	11	25
21	20	2
21	14	6
21	23	9
21	15	3
21	5	5
21	4	1
21	9	10
21	8	11
