10	66	3
10	23	1
10	18	2
10	42	3
10	88	1
10	60	1
10	3	5
10	2	2
10	4	2
10	7	2
10	6	2
66	10	5
66	3	1
66	2	2
66	42	1
66	7	1
23	10	3
23	7	1
23	18	3
23	42	3
23	88	2
23	60	2
23	3	1
23	66	1
18	10	1
18	7	2
18	23	4
18	88	1
18	3	1
18	2	1
18	66	2
42	10	1
42	23	9
42	35	2
42	60	1
42	2	1
42	4	3
42	66	2
42	6	2
88	18	4
88	42	1
88	23	2
35	10	1
35	23	1
35	42	2
35	3	1
35	2	1
35	4	2
35	7	1
60	10	1
60	23	2
60	42	1
60	6	2
3	10	5
3	66	3
3	23	2
3	18	2
3	42	2
3	60	1
3	2	2
3	4	3
3	7	2
2	66	1
2	23	1
2	18	2
2	88	1
2	35	1
2	3	4
2	4	1
2	7	3
2	6	3
4	10	3
4	66	3
4	23	1
4	18	1
4	42	5
4	88	3
4	35	5
4	60	1
4	3	3
4	2	3
4	7	1
4	6	2
7	10	2
7	3	3
7	2	2
7	4	1
7	23	1
6	10	1
6	42	3
6	35	2
6	60	2
6	3	3
6	4	5
8	42	1
8	23	1
