11	10	3
11	19	1
11	18	1
11	4	6
11	6	1
11	9	3
10	11	1
10	20	1
10	19	4
10	18	2
10	1	1
10	3	4
10	5	4
10	4	3
10	6	1
20	11	1
20	10	2
20	19	4
20	18	4
20	1	2
20	3	4
20	5	3
20	4	1
20	6	3
19	11	1
19	10	2
19	20	3
19	18	1
19	1	2
19	3	1
19	4	1
19	6	5
19	9	2
18	11	1
18	10	3
18	20	6
18	19	1
18	1	4
18	3	12
18	5	9
18	4	3
18	6	4
18	9	5
29	18	1
1	10	1
1	20	3
1	18	4
1	3	5
1	5	5
1	4	2
1	7	1
1	6	1
1	9	3
3	11	1
3	10	6
3	20	5
3	19	3
3	18	9
3	1	10
3	2	1
3	5	7
3	6	3
3	9	5
2	1	1
5	11	2
5	10	1
5	18	9
5	1	2
5	3	14
5	4	9
5	6	3
5	9	4
4	11	10
4	10	3
4	18	4
4	5	7
4	6	2
4	9	2
7	9	1
7	6	1
6	11	1
6	10	2
6	20	1
6	19	2
6	18	7
6	3	7
6	4	4
6	9	3
9	11	1
9	10	1
9	20	1
9	19	2
9	3	1
9	4	2
9	7	2
9	6	6
