24	20	3
24	22	1
24	23	1
24	19	4
24	3	1
24	8	1
11	22	1
20	24	1
20	25	3
20	22	2
20	23	4
20	19	8
20	2	1
20	4	4
20	7	2
20	8	1
22	24	1
22	25	1
22	20	2
22	19	7
22	2	12
22	7	1
22	8	2
23	24	1
23	20	3
23	19	6
23	3	5
23	2	1
23	4	2
23	8	3
19	24	1
19	25	1
19	20	14
19	22	9
19	23	9
19	3	4
19	2	13
19	5	3
19	4	9
19	7	13
19	8	1
1	23	2
1	19	2
1	3	4
1	2	1
1	5	8
1	4	2
3	24	1
3	20	1
3	23	4
3	19	5
3	1	4
3	2	1
3	5	11
3	4	10
3	7	2
3	8	1
2	24	1
2	11	1
2	22	11
2	23	1
2	19	9
2	3	2
2	5	8
2	4	4
2	7	5
5	22	1
5	19	14
5	3	7
5	2	10
5	4	10
5	7	5
5	8	1
4	25	4
4	20	5
4	22	1
4	23	1
4	19	17
4	1	1
4	3	6
4	2	10
4	5	7
4	7	14
4	8	1
7	24	1
7	11	1
7	20	2
7	22	3
7	23	1
7	19	14
7	3	3
7	2	6
7	5	3
7	4	6
7	25	7
8	24	2
8	20	1
8	22	1
8	23	3
8	19	1
8	4	1
25	24	1
25	11	2
25	20	2
25	1	1
25	2	1
25	5	1
25	4	5
25	7	3
