11	25	7
11	14	3
11	17	2
11	30	5
11	42	1
11	1	1
11	7	10
11	6	1
25	11	6
25	15	2
25	14	2
25	17	4
25	30	5
25	42	3
25	3	2
25	4	6
25	7	7
25	6	1
15	11	1
15	25	4
15	14	3
15	17	1
15	30	2
15	42	10
15	1	1
15	3	15
15	4	1
15	6	2
14	25	2
14	15	2
14	42	9
14	3	1
14	4	1
14	7	2
14	6	1
17	11	1
17	25	1
17	15	3
17	42	2
17	1	1
17	3	1
17	4	1
18	11	1
30	11	5
30	25	5
30	14	2
30	3	2
30	4	4
30	7	3
30	6	4
42	11	3
42	25	12
42	15	5
42	14	5
42	30	3
42	3	7
42	4	4
42	7	2
42	6	7
1	3	1
1	30	1
1	15	2
1	14	5
1	17	1
3	15	20
3	14	2
3	17	1
3	30	1
3	42	5
3	1	3
3	4	6
3	6	6
4	11	4
4	25	1
4	15	4
4	14	1
4	17	1
4	30	3
4	42	1
4	1	1
4	3	9
4	7	1
4	6	1
7	11	7
7	25	6
7	15	1
7	14	4
7	30	1
7	42	4
7	1	1
7	6	3
6	11	3
6	25	6
6	15	2
6	18	1
6	30	1
6	42	14
6	1	1
6	3	3
6	4	4
6	7	1
