11	10	6
11	14	5
11	17	5
11	25	15
11	19	15
11	32	2
11	2	2
11	7	1
11	6	2
11	9	5
11	8	9
10	11	2
10	25	3
10	14	6
10	17	9
10	7	1
10	6	1
10	9	4
10	8	6
14	11	1
14	10	7
14	17	16
14	25	1
14	32	6
14	6	2
14	9	12
14	8	9
17	11	6
17	10	13
17	14	14
17	25	7
17	19	1
17	32	11
17	2	1
17	7	6
17	6	2
17	9	7
17	8	21
16	11	1
16	10	2
16	14	1
16	17	5
16	19	1
16	32	3
16	2	4
16	8	1
19	11	9
19	25	5
19	14	1
19	2	8
19	7	2
19	6	3
19	9	1
19	8	4
32	11	6
32	10	2
32	14	2
32	17	12
32	16	5
32	2	20
32	25	6
32	7	1
32	9	1
32	8	12
2	11	12
2	25	6
2	14	3
2	17	3
2	16	2
2	19	7
2	32	10
2	6	1
2	9	1
2	8	15
25	11	12
25	10	1
25	14	3
25	17	11
25	16	1
25	19	8
25	32	7
25	2	4
25	7	3
25	9	4
25	8	15
7	11	3
7	10	2
7	17	1
7	25	2
7	32	2
7	9	1
7	8	2
6	11	3
6	10	3
6	14	3
6	17	1
6	19	2
6	32	1
6	9	1
6	8	5
9	11	5
9	10	2
9	14	10
9	17	12
9	25	4
9	32	2
9	6	1
9	8	2
8	11	17
8	10	3
8	14	7
8	17	11
8	16	1
8	19	7
8	32	10
8	2	11
8	25	18
8	7	4
8	6	6
8	9	7
