11	15	5
11	21	5
11	22	1
11	16	2
11	3	1
11	2	2
11	6	3
11	9	2
25	2	1
12	11	1
12	20	1
12	21	2
12	16	1
12	3	3
12	5	5
12	7	1
15	11	3
15	21	2
15	22	6
15	3	1
15	2	5
15	5	2
15	6	3
15	9	4
21	11	1
21	12	2
21	15	2
21	22	3
21	3	2
21	5	3
21	6	3
21	9	2
21	20	5
22	11	4
22	12	2
22	15	1
22	21	6
22	16	2
22	3	6
22	2	11
22	5	8
22	7	1
22	6	8
22	9	1
22	20	8
16	11	2
16	21	1
16	22	3
16	3	2
16	2	1
16	5	1
16	7	2
16	6	2
16	9	2
3	11	1
3	12	2
3	15	5
3	22	11
3	16	2
3	2	5
3	5	12
3	6	5
3	9	3
3	20	1
2	11	1
2	25	1
2	12	1
2	15	2
2	22	4
2	16	2
2	3	6
2	5	1
2	7	3
2	6	2
2	20	8
5	11	3
5	15	2
5	21	7
5	22	8
5	16	2
5	3	9
5	2	1
5	6	5
5	9	3
5	20	3
7	9	1
7	16	1
7	2	4
7	6	1
6	11	4
6	15	1
6	21	5
6	22	9
6	16	3
6	3	7
6	2	4
6	5	7
6	7	1
6	9	4
6	20	4
9	11	3
9	25	1
9	20	6
9	21	1
9	22	4
9	16	2
9	2	2
9	7	2
9	15	1
20	11	3
20	15	6
20	21	1
20	22	3
20	3	3
20	2	6
20	5	2
20	6	5
20	9	3
