11	12	3
11	17	14
11	19	7
11	18	2
11	28	2
11	34	6
11	3	2
11	2	1
11	5	3
11	4	1
12	11	6
12	17	6
12	19	2
12	18	2
12	28	3
12	3	1
12	2	2
12	5	1
21	2	1
21	5	1
17	11	6
17	12	9
17	19	9
17	18	2
17	45	1
17	28	2
17	34	3
17	3	1
17	2	1
17	5	1
33	18	2
33	12	8
33	2	1
33	3	1
33	17	1
18	11	5
18	12	2
18	17	4
18	19	5
18	3	1
18	4	1
45	2	1
45	21	1
45	34	1
28	11	2
28	19	2
28	12	1
28	17	1
28	34	1
34	11	3
34	12	1
34	17	2
34	33	1
34	18	3
34	28	1
34	19	4
34	2	4
34	5	4
34	4	5
19	11	8
19	12	2
19	17	10
19	33	1
19	18	3
19	28	1
19	34	9
19	2	3
19	5	1
19	4	1
3	11	3
3	12	1
3	5	1
3	34	1
2	11	1
2	12	1
2	17	2
2	33	1
2	28	3
2	34	1
2	19	1
2	5	1
2	4	3
5	11	5
5	21	1
5	17	2
5	33	1
5	18	4
5	34	1
5	19	1
5	4	5
4	11	2
4	12	1
4	17	1
4	33	3
4	18	3
4	45	1
4	34	1
4	19	4
4	3	1
4	2	2
4	5	3
