11	25	2
11	15	1
11	10	2
11	18	1
11	28	1
11	29	10
11	9	6
11	8	6
10	11	8
10	25	1
10	26	1
10	21	3
10	17	6
10	16	1
10	18	8
10	29	2
10	9	4
10	8	7
26	11	1
26	10	1
26	15	1
26	17	3
26	25	3
26	18	2
26	9	1
26	8	4
15	25	3
15	26	1
15	21	2
15	10	4
15	18	3
15	28	3
15	29	11
15	1	2
15	9	2
15	8	5
21	8	5
21	28	2
21	18	2
21	17	3
21	10	6
17	25	1
17	26	4
17	21	3
17	10	1
17	29	1
17	9	7
17	8	2
25	11	1
25	26	3
25	15	2
25	17	1
25	18	2
25	28	1
25	29	1
25	1	3
25	8	2
18	11	2
18	10	4
18	26	3
18	15	7
18	21	5
18	25	1
18	16	1
18	28	2
18	29	10
18	1	1
18	9	3
18	8	15
16	8	1
16	28	1
16	21	1
16	18	1
16	10	1
28	15	4
28	21	3
28	18	4
28	29	3
28	1	2
28	8	1
29	11	8
29	10	8
29	15	9
29	18	8
29	9	3
29	8	1
1	11	2
1	25	1
1	15	1
1	21	2
1	17	1
1	18	1
1	8	2
9	11	3
9	10	3
9	26	1
9	21	1
9	17	3
9	18	2
9	29	1
9	8	4
8	11	8
8	10	10
8	26	5
8	15	5
8	21	6
8	17	7
8	25	3
8	18	12
8	16	3
8	28	1
8	29	5
8	1	2
8	9	7
