24	10	6
24	27	3
24	14	9
24	17	10
24	23	7
24	32	18
24	30	1
24	22	4
24	2	7
24	5	7
24	9	2
10	24	2
10	27	1
10	14	3
10	22	3
10	23	1
10	32	5
10	17	3
10	9	1
27	24	2
27	14	2
27	23	1
14	24	6
14	10	6
14	27	2
14	17	12
14	22	3
14	32	9
14	2	5
14	5	3
14	9	6
17	24	11
17	10	1
17	27	3
17	14	12
17	22	8
17	32	8
17	30	1
17	2	9
17	5	4
17	9	6
23	24	4
23	10	1
23	22	3
23	32	2
23	5	4
23	9	4
32	24	15
32	10	4
32	27	1
32	14	8
32	17	11
32	23	4
32	30	2
32	22	6
32	2	14
32	5	15
30	9	1
30	2	3
30	5	5
30	22	1
30	17	3
22	24	5
22	10	2
22	14	1
22	17	4
22	23	1
22	32	1
22	2	1
22	5	1
2	24	13
2	10	3
2	14	14
2	17	17
2	32	8
2	30	2
2	5	12
2	9	3
5	24	11
5	14	3
5	23	8
5	32	14
5	30	3
5	2	12
5	9	1
9	24	3
9	10	1
9	14	5
9	17	5
9	23	1
9	32	2
9	5	2
