11	26	8
11	16	11
11	99	1
11	3	2
11	6	1
11	8	3
26	11	4
26	12	4
26	15	4
26	16	7
26	36	1
26	99	5
26	5	3
26	4	4
26	6	2
26	8	2
12	26	2
12	36	1
12	99	2
12	3	1
12	5	2
12	4	2
12	8	1
15	11	2
15	26	3
15	16	9
15	99	2
15	3	8
15	5	4
15	6	9
15	8	8
16	11	7
16	26	3
16	12	2
16	15	12
16	36	1
16	99	4
16	3	1
16	2	1
16	5	3
16	4	2
16	6	7
16	8	8
36	26	3
36	99	1
36	3	1
36	5	2
36	4	1
36	7	3
36	6	1
99	11	5
99	26	4
99	12	1
99	15	1
99	16	3
99	36	1
99	5	1
99	7	1
99	8	2
3	11	2
3	12	3
3	15	6
3	16	3
3	36	2
3	99	2
3	5	8
3	4	2
3	7	1
3	6	7
3	8	10
2	15	1
5	26	3
5	12	4
5	15	3
5	36	2
5	99	4
5	3	4
5	4	8
5	6	5
5	8	2
4	11	4
4	26	6
4	12	2
4	16	4
4	36	1
4	99	4
4	3	4
4	5	3
4	8	2
7	11	1
7	5	1
7	36	2
6	11	3
6	26	8
6	12	1
6	15	8
6	16	9
6	99	3
6	3	3
6	5	2
6	4	5
6	8	7
8	26	5
8	15	8
8	16	6
8	99	3
8	3	10
8	5	1
8	4	1
8	6	1
