11	25	1
11	26	4
11	21	2
11	16	2
11	42	2
11	7	4
25	11	1
25	26	1
25	15	6
25	21	3
25	16	3
25	42	5
25	3	7
25	4	3
25	7	6
25	8	1
26	11	9
26	25	2
26	21	1
26	16	2
26	18	1
26	42	2
26	1	2
26	3	1
26	4	2
26	7	1
26	8	1
15	25	2
15	26	2
15	21	5
15	16	2
15	18	1
15	42	5
15	3	6
15	7	3
15	14	1
21	11	4
21	25	2
21	15	1
21	14	1
21	16	11
21	18	1
21	42	7
21	3	3
21	7	3
21	8	6
16	11	2
16	15	1
16	21	5
16	42	3
16	7	2
16	8	4
16	14	1
18	11	1
18	25	2
18	26	1
18	21	2
42	11	3
42	25	5
42	26	4
42	15	3
42	21	6
42	16	1
42	1	1
42	3	4
42	4	1
42	7	2
42	8	4
1	25	1
1	26	2
1	15	1
1	21	1
1	16	1
1	18	1
1	3	4
1	4	2
1	7	3
3	25	4
3	15	7
3	21	1
3	16	3
3	18	1
3	42	5
3	1	4
3	4	2
3	7	2
3	8	6
3	14	2
4	11	1
4	25	3
4	26	4
4	15	1
4	21	1
4	18	1
4	42	2
4	3	5
4	7	1
4	8	1
7	11	1
7	25	4
7	26	1
7	15	5
7	21	6
7	16	4
7	1	1
7	3	1
7	4	2
7	14	1
8	25	2
8	3	9
8	42	3
8	21	2
8	16	3
14	18	1
14	3	1
14	15	1
