10	26	1
10	21	3
10	22	2
10	7	3
10	6	1
10	8	1
26	10	1
26	21	3
26	22	9
26	16	1
26	1	1
26	3	1
26	4	7
26	7	4
26	6	1
26	8	1
26	25	1
26	14	2
21	10	5
21	26	1
21	22	7
21	16	5
21	4	3
21	7	6
21	6	5
21	8	2
22	10	5
22	26	5
22	21	9
22	16	3
22	1	2
22	25	3
22	7	6
22	6	2
22	8	3
16	8	3
16	5	1
16	22	1
16	7	4
16	10	3
1	10	1
1	26	2
1	22	1
1	5	1
1	4	1
1	7	1
1	6	2
3	6	1
5	14	1
5	16	3
5	1	1
5	4	5
5	7	4
5	6	7
5	8	3
4	10	1
4	26	5
4	22	4
4	1	4
4	5	10
4	7	3
4	6	1
4	8	1
7	10	2
7	26	3
7	21	11
7	22	7
7	16	4
7	3	1
7	5	3
7	4	3
7	6	2
7	8	2
7	25	1
6	10	1
6	26	7
6	22	4
6	16	1
6	5	4
6	4	5
6	7	7
6	8	5
6	25	2
8	10	4
8	26	2
8	21	2
8	22	4
8	16	3
8	5	1
8	4	1
8	7	2
8	6	2
25	26	1
25	14	1
25	16	1
25	7	3
25	6	2
25	21	2
14	26	1
