24	10	1
24	27	21
24	14	5
24	17	7
24	32	8
24	30	1
24	2	3
24	5	3
24	9	4
24	8	28
10	24	1
10	27	2
10	14	2
10	17	2
10	32	1
10	8	3
27	24	12
27	14	5
27	17	10
27	32	2
27	30	1
27	22	4
27	2	6
27	5	10
27	9	7
27	8	16
14	24	4
14	10	3
14	27	1
14	17	6
14	32	2
14	5	1
14	9	2
14	8	3
17	24	5
17	10	2
17	27	14
17	14	8
17	25	3
17	32	7
17	2	2
17	9	5
17	8	6
25	27	5
25	22	1
25	17	5
25	32	2
25	2	2
25	9	1
25	8	1
32	24	3
32	10	2
32	27	4
32	14	2
32	17	11
32	25	2
32	30	5
32	22	1
32	2	11
32	5	4
32	9	1
32	8	8
30	24	2
30	22	1
30	17	2
30	32	3
30	2	3
30	5	1
30	9	1
30	8	2
22	25	2
22	27	2
22	17	1
22	2	1
22	5	1
22	9	3
22	8	1
2	24	12
2	10	1
2	27	7
2	14	1
2	17	1
2	25	3
2	32	12
2	30	2
2	22	1
2	5	6
2	8	7
5	24	6
5	10	2
5	27	10
5	14	1
5	22	2
5	25	2
5	32	2
5	2	4
5	9	4
5	8	6
9	24	5
9	10	1
9	27	3
9	14	2
9	17	4
9	25	1
9	32	1
9	2	1
9	5	5
9	8	3
8	24	23
8	10	1
8	27	23
8	14	1
8	17	6
8	25	4
8	32	10
8	22	3
8	2	10
8	5	6
8	9	4
