11	39	3
11	12	4
11	15	4
11	14	2
11	17	10
11	23	6
11	19	9
11	34	11
11	3	5
11	4	2
13	3	1
13	15	1
13	4	5
13	17	1
13	6	4
12	11	1
12	19	4
12	17	1
12	34	2
15	11	3
15	39	1
15	14	2
15	17	2
15	19	2
15	3	1
15	4	1
14	11	2
14	39	1
14	15	1
14	17	1
17	11	12
17	39	1
17	12	3
17	15	1
17	14	1
17	23	1
17	19	6
17	34	3
17	3	5
17	6	2
23	11	4
23	39	3
23	17	2
23	19	1
23	34	1
23	3	4
23	7	1
19	11	7
19	13	1
19	12	2
19	15	2
19	14	1
19	17	10
19	23	6
19	39	3
19	34	11
19	3	8
19	4	10
19	6	6
39	11	4
39	12	1
39	15	2
39	14	1
39	17	1
39	23	1
39	19	1
39	4	9
39	7	2
34	11	10
34	39	3
34	12	1
34	17	6
34	23	2
34	19	9
34	3	6
34	4	11
34	6	4
3	11	5
3	13	2
3	12	3
3	15	3
3	17	10
3	23	1
3	19	6
3	34	6
3	6	5
4	11	7
4	13	3
4	15	1
4	14	2
4	17	1
4	19	14
4	39	8
4	34	7
4	7	2
4	6	23
7	3	1
7	15	1
7	39	3
7	23	1
6	11	6
6	13	2
6	15	4
6	14	1
6	17	3
6	23	1
6	19	12
6	39	1
6	34	6
6	3	4
6	4	10
6	7	1
