13	20	1
13	44	6
13	30	1
13	28	1
13	6	1
13	9	1
13	8	2
38	33	3
38	8	1
38	44	4
38	30	3
20	9	4
20	8	3
20	13	1
20	33	1
20	6	2
33	38	3
33	20	2
33	44	1
33	30	1
33	29	1
33	77	1
33	7	2
33	9	2
33	8	4
44	13	8
44	20	1
44	33	1
44	30	10
44	29	2
44	6	3
44	9	3
44	8	3
30	77	1
30	13	2
30	38	3
30	20	1
30	44	7
28	13	2
28	44	1
29	13	1
29	33	1
29	44	2
29	6	3
29	9	1
29	8	2
77	33	2
77	8	1
77	38	2
77	20	1
5	44	1
7	33	1
7	77	1
6	13	6
6	20	1
6	33	1
6	44	3
6	30	1
6	29	2
6	8	4
9	8	3
9	44	2
9	20	2
9	29	2
9	6	1
8	13	1
8	38	1
8	20	3
8	33	7
8	44	2
8	30	1
8	29	2
8	77	3
8	6	2
8	9	1
