25	13	1
25	12	1
13	25	1
13	12	7
13	15	4
13	22	4
13	33	3
13	36	2
13	3	2
13	7	3
13	9	4
12	13	3
12	15	2
12	22	11
12	33	2
12	36	2
12	3	3
12	4	1
12	9	2
15	13	5
15	12	1
15	33	5
15	32	1
15	31	4
15	40	1
15	3	4
15	9	3
22	25	2
22	13	4
22	12	6
22	33	6
22	31	1
22	36	1
22	3	2
22	4	2
22	7	1
22	9	2
33	25	2
33	13	6
33	12	2
33	15	5
33	22	3
33	32	1
33	31	7
33	40	2
33	4	5
33	9	7
32	13	2
32	12	3
32	22	3
32	33	2
32	31	5
32	36	2
32	40	2
32	3	1
32	4	1
32	7	1
32	9	2
31	13	3
31	15	8
31	33	2
31	32	6
31	40	4
31	3	1
31	4	2
31	9	4
36	13	3
36	12	1
36	15	1
36	3	4
36	7	1
36	9	3
40	12	2
40	15	1
40	22	1
40	33	2
40	32	1
40	31	2
40	36	2
40	4	2
3	13	3
3	12	3
3	15	3
3	22	1
3	31	2
3	36	3
3	4	1
3	7	2
3	9	1
4	13	1
4	12	4
4	22	4
4	33	1
4	31	1
4	36	2
4	40	2
4	3	2
4	7	1
7	9	1
7	31	1
7	15	3
7	3	1
7	22	1
9	13	5
9	12	1
9	15	4
9	22	5
9	33	3
9	31	2
9	36	3
9	3	1
9	4	2
9	7	2
