11	10	5
11	21	1
11	22	1
11	18	2
11	3	2
11	5	3
11	4	1
11	9	6
11	8	9
10	11	4
10	14	4
10	22	14
10	18	4
10	3	1
10	5	8
10	4	8
10	7	3
10	9	5
10	8	14
10	21	4
14	11	2
14	10	4
14	21	3
14	22	3
14	18	5
14	1	1
14	3	15
14	5	8
14	4	1
14	8	8
22	10	22
22	14	1
22	18	1
22	3	6
22	5	8
22	4	7
22	9	6
22	8	4
18	11	9
18	10	5
18	14	8
18	1	2
18	3	7
18	5	4
18	4	1
18	7	2
18	24	1
18	9	5
18	8	19
1	11	1
1	10	1
1	14	3
1	22	3
1	18	4
1	3	2
1	5	1
3	11	1
3	10	3
3	14	10
3	22	11
3	18	4
3	1	4
3	5	4
3	4	5
3	24	2
3	9	2
3	8	4
3	21	5
5	11	3
5	10	9
5	14	11
5	22	8
5	18	8
5	3	6
5	4	6
5	7	3
5	24	1
5	9	1
5	8	8
4	10	8
4	14	2
4	22	9
4	1	1
4	3	1
4	5	7
4	9	3
4	8	2
7	24	1
7	10	2
7	21	1
7	18	3
7	9	1
7	8	3
7	14	1
24	11	1
24	14	1
24	18	6
24	3	2
24	5	2
24	7	1
24	8	1
24	21	1
9	11	2
9	10	2
9	14	2
9	22	3
9	18	3
9	5	3
9	4	1
9	7	1
9	8	3
9	21	2
8	11	11
8	10	6
8	14	8
8	22	5
8	18	25
8	1	1
8	3	6
8	5	8
8	4	4
8	7	3
8	24	2
8	9	6
8	21	1
21	24	3
21	10	3
21	14	1
21	3	5
21	5	1
21	9	1
21	8	2
