10	1	1
10	19	1
10	13	1
10	7	4
13	10	4
13	27	3
13	20	12
13	17	7
13	25	1
13	19	3
13	31	23
13	28	4
13	1	1
13	4	1
13	7	1
13	9	3
27	25	3
27	13	2
27	20	5
27	19	12
27	18	3
27	31	17
27	28	7
27	1	1
27	4	5
27	7	24
27	9	3
20	25	2
20	13	12
20	27	4
20	17	4
20	19	5
20	18	2
20	31	16
20	28	3
20	4	4
20	7	4
17	25	1
17	13	12
17	27	3
17	20	1
17	19	1
17	18	1
17	31	7
17	28	4
17	1	2
17	4	2
17	7	8
17	9	2
25	10	1
25	13	3
25	20	1
25	17	3
25	19	2
25	31	2
25	28	1
25	7	3
25	9	2
19	10	1
19	13	2
19	27	8
19	20	3
19	17	2
19	25	3
19	18	5
19	31	7
19	28	1
19	4	1
19	7	8
19	9	5
18	13	1
18	27	5
18	20	1
18	19	5
18	31	4
18	9	1
31	10	1
31	13	10
31	27	15
31	20	18
31	17	4
31	25	8
31	19	12
31	18	4
31	28	4
31	1	3
31	4	3
31	7	18
31	9	6
28	13	3
28	27	11
28	20	5
28	17	3
28	19	3
28	31	9
28	1	5
28	7	6
1	13	4
1	27	2
1	17	4
1	31	1
1	28	5
1	4	3
4	13	4
4	27	5
4	20	3
4	31	4
4	17	4
7	10	2
7	13	5
7	27	17
7	20	1
7	17	3
7	25	6
7	19	15
7	31	6
7	28	7
7	9	10
9	25	1
9	13	3
9	27	3
9	20	2
9	19	1
9	18	1
9	31	1
9	28	2
9	7	7
