24	11	1
24	10	4
24	13	3
24	21	5
24	19	1
24	28	1
24	26	15
24	2	7
24	5	1
24	4	6
24	7	1
10	11	3
10	13	1
10	21	3
10	22	5
10	19	11
10	28	6
10	26	1
10	2	8
10	5	3
10	4	11
10	7	5
10	8	3
13	24	2
13	26	8
13	21	2
13	22	1
13	19	1
13	28	7
13	2	1
13	4	2
13	8	1
21	24	8
21	10	1
21	13	1
21	19	2
21	28	9
21	26	5
21	2	4
21	4	6
21	7	4
21	8	5
22	10	6
22	26	2
22	21	3
22	19	5
22	28	3
22	2	3
22	4	1
22	7	5
19	11	1
19	10	12
19	21	1
19	22	3
19	28	4
19	2	4
19	4	5
19	7	3
19	8	3
28	24	3
28	10	14
28	13	1
28	21	3
28	22	2
28	19	9
28	26	7
28	5	1
28	4	11
28	7	1
28	8	4
26	24	11
26	10	6
26	13	5
26	21	9
26	22	2
26	28	16
26	2	1
26	5	3
26	4	6
26	7	2
26	8	2
2	24	8
2	10	9
2	13	1
2	21	5
2	22	1
2	19	2
2	26	3
2	5	1
2	4	7
2	7	4
2	8	2
5	24	1
5	10	2
5	26	1
5	19	1
5	28	2
5	4	3
5	7	1
4	24	3
4	10	10
4	13	1
4	21	8
4	22	11
4	19	11
4	28	7
4	26	4
4	2	8
4	7	4
4	11	2
4	8	2
7	10	3
7	26	1
7	21	1
7	22	6
7	19	4
7	28	2
7	2	7
7	4	3
7	8	2
11	19	1
11	10	3
11	26	1
8	10	2
8	26	4
8	21	1
8	19	3
8	28	1
8	2	1
8	4	7
8	7	1
