11	25	1
11	20	4
11	14	1
11	19	1
11	33	2
11	7	7
11	9	3
25	14	1
25	16	1
25	33	9
25	36	1
25	34	9
25	1	1
25	7	4
25	9	2
39	9	2
39	19	2
39	7	2
20	11	2
20	25	2
20	16	1
20	19	7
20	33	3
20	7	7
20	6	5
14	9	3
14	11	2
14	36	2
14	7	2
14	19	2
16	11	1
16	20	1
16	19	1
16	34	1
16	33	4
16	7	2
16	6	9
19	11	11
19	25	1
19	39	4
19	20	5
19	14	1
19	16	1
19	1	2
19	7	6
19	6	10
19	9	3
36	25	4
36	39	1
36	14	1
36	33	4
36	7	1
36	9	1
34	25	11
34	20	1
34	16	4
34	33	9
34	36	1
34	1	7
34	7	1
34	6	7
1	25	2
1	16	2
1	19	6
1	34	6
1	33	1
1	6	5
1	9	4
33	11	1
33	25	8
33	39	2
33	20	3
33	14	1
33	16	5
33	19	2
33	36	3
33	34	8
33	7	7
33	9	5
7	11	6
7	25	1
7	20	5
7	14	3
7	19	9
7	36	2
7	34	3
7	33	7
7	6	2
7	9	5
6	25	2
6	20	3
6	16	7
6	19	12
6	36	2
6	34	9
6	1	6
6	33	2
6	7	1
9	11	2
9	20	2
9	14	4
9	19	2
9	36	2
9	33	1
9	7	6
