10	26	4
10	15	1
10	23	6
10	19	1
10	37	3
10	33	3
10	3	2
10	6	2
10	9	4
10	8	2
26	10	2
26	15	3
26	23	3
26	19	5
26	32	2
26	37	9
26	9	2
26	8	7
15	10	1
15	26	10
15	19	4
15	37	5
15	9	1
15	8	4
23	10	3
23	26	2
23	15	1
23	19	4
23	37	6
23	33	10
23	3	10
23	9	5
23	8	8
19	10	2
19	26	3
19	15	7
19	23	6
19	33	4
19	37	2
19	1	3
19	3	6
19	6	1
19	9	2
19	8	4
32	26	2
37	10	4
37	26	10
37	15	2
37	23	2
37	19	3
37	33	1
37	6	1
37	9	4
37	8	5
1	26	1
1	15	9
1	19	8
1	33	1
1	3	3
1	8	1
33	10	8
33	23	12
33	19	1
33	37	1
33	3	10
33	7	4
33	6	2
33	9	3
33	8	3
3	26	3
3	23	3
3	19	7
3	37	2
3	1	2
3	33	13
3	7	2
3	9	3
3	8	5
7	19	1
7	8	1
7	3	1
7	33	1
7	23	3
6	10	1
6	23	2
6	33	2
6	1	1
6	3	1
6	9	1
9	10	5
9	26	1
9	23	3
9	33	3
9	37	1
9	8	3
8	10	3
8	26	6
8	15	2
8	23	7
8	19	6
8	37	7
8	1	2
8	33	9
8	3	3
8	6	1
8	9	3
