11	9	1
11	17	1
13	11	1
13	17	1
13	44	5
13	30	1
13	28	2
13	29	2
13	8	1
20	17	1
20	33	5
20	29	1
20	5	1
20	9	1
20	8	1
17	13	1
17	33	6
17	44	4
17	30	1
17	28	5
17	29	2
17	5	3
17	8	8
33	13	1
33	20	6
33	21	2
33	17	3
33	44	2
33	30	4
33	28	1
33	29	3
33	5	11
33	7	1
33	9	1
33	8	8
44	13	4
44	20	1
44	17	4
44	33	2
44	30	8
44	28	1
44	29	1
44	5	7
44	9	3
44	8	2
30	13	1
30	33	1
30	44	5
30	28	2
30	5	8
30	9	6
30	8	2
28	13	4
28	20	1
28	17	6
28	44	2
28	30	1
28	29	5
28	9	1
28	8	2
29	13	2
29	20	1
29	17	3
29	33	2
29	44	1
29	28	3
29	9	1
29	8	2
5	13	1
5	17	1
5	33	12
5	44	10
5	30	12
5	9	1
5	8	6
7	33	1
7	5	2
9	17	1
9	44	1
9	28	1
9	29	2
9	7	1
9	8	1
8	13	2
8	20	3
8	17	3
8	33	12
8	44	6
8	30	1
8	28	4
8	29	4
8	5	8
8	7	2
8	9	2
