24	13	1
24	21	9
24	23	1
24	28	4
24	26	9
24	2	6
24	4	5
24	7	7
10	24	1
10	21	5
10	22	5
10	23	1
10	19	3
10	18	1
10	28	5
10	2	3
10	4	2
10	7	4
13	24	3
13	26	1
13	21	2
13	28	1
13	2	2
13	4	1
21	24	13
21	10	5
21	13	1
21	22	8
21	23	1
21	19	3
21	28	15
21	26	10
21	2	4
21	4	7
21	7	8
21	8	2
22	24	3
22	10	2
22	21	1
22	19	2
22	28	3
22	2	3
22	4	8
22	7	1
23	8	1
19	10	4
19	26	1
19	21	1
19	22	1
19	2	1
19	4	5
19	7	2
18	10	1
28	24	1
28	10	11
28	26	8
28	21	8
28	22	4
28	19	2
28	4	6
26	24	7
26	10	1
26	13	1
26	21	18
26	28	9
26	4	2
26	7	5
2	24	5
2	10	2
2	21	7
2	19	1
2	4	6
2	7	5
4	24	3
4	10	7
4	13	2
4	21	7
4	22	7
4	19	4
4	28	2
4	26	2
4	2	5
4	7	5
7	24	7
7	10	4
7	26	8
7	21	8
7	22	4
7	19	2
7	2	1
7	4	3
8	26	1
8	28	1
