11	19	1
11	18	1
11	27	1
10	13	2
10	27	9
10	14	2
10	18	2
10	38	6
10	5	5
10	7	8
10	6	1
10	9	6
10	8	5
13	10	4
13	27	14
13	14	7
13	18	1
13	1	2
13	38	5
13	5	2
13	7	4
13	6	1
13	9	1
13	8	4
27	11	1
27	10	3
27	13	15
27	38	11
27	14	10
27	18	9
27	1	1
27	5	5
27	7	7
27	6	3
27	9	7
27	8	6
14	10	3
14	13	8
14	27	9
14	1	3
14	38	1
14	5	8
14	7	2
14	6	2
14	8	4
19	13	1
19	27	1
18	11	1
18	10	5
18	27	4
18	1	2
18	38	1
18	5	4
18	7	7
18	6	1
18	9	2
1	10	1
1	13	3
1	27	1
1	18	1
1	38	1
1	5	4
1	9	2
38	11	1
38	10	5
38	13	11
38	27	4
38	14	1
38	19	1
38	1	1
38	5	1
38	7	5
38	8	2
5	10	8
5	13	3
5	27	14
5	14	6
5	18	5
5	1	7
5	7	2
5	6	3
5	9	3
5	8	2
7	10	8
7	13	3
7	27	5
7	14	1
7	18	6
7	38	6
7	6	5
7	9	1
7	8	4
6	10	1
6	13	1
6	27	3
6	14	1
6	18	1
6	38	1
6	5	4
6	7	3
9	10	8
9	38	3
9	27	1
9	7	4
9	6	1
9	8	2
8	10	6
8	13	5
8	27	6
8	14	2
8	18	2
8	38	4
8	5	2
8	7	3
8	9	3
