10	20	6
10	14	3
10	17	2
10	2	1
10	5	2
10	7	2
10	9	2
20	10	7
20	14	4
20	23	3
20	19	1
20	7	1
20	9	1
20	8	1
14	10	7
14	20	3
14	17	1
14	18	1
14	3	1
14	5	5
14	7	1
14	9	2
14	8	1
17	10	2
17	20	1
17	14	1
17	23	1
17	7	1
17	9	4
23	10	1
23	20	1
23	5	1
23	7	1
23	9	2
23	8	1
19	9	1
19	8	2
18	8	1
18	7	2
18	23	1
1	9	2
1	8	1
1	20	2
1	19	1
3	9	1
3	17	1
3	23	1
2	3	1
2	17	1
2	14	1
2	7	4
5	10	5
5	20	3
5	14	5
5	17	1
5	23	1
5	1	1
5	7	5
5	9	1
7	10	2
7	20	3
7	14	4
7	3	1
7	5	2
7	9	2
7	8	1
9	10	2
9	20	1
9	14	2
9	19	1
9	18	1
9	3	1
8	10	1
8	20	1
8	14	2
8	19	1
8	5	1
8	7	1
