11	17	5
11	23	1
11	19	4
11	5	1
11	7	3
11	6	4
11	9	2
12	23	5
12	1	1
12	3	1
12	2	5
12	7	2
12	9	4
12	8	3
17	11	8
17	19	4
17	1	3
17	3	11
17	2	1
17	7	2
17	6	5
17	9	2
17	8	1
23	11	2
23	12	7
23	19	1
23	18	1
23	3	4
23	2	3
23	5	10
23	7	8
23	6	1
23	9	9
23	8	6
19	11	4
19	12	2
19	17	3
19	23	4
19	3	4
19	2	1
19	7	1
19	9	6
19	8	6
18	11	1
18	23	1
1	11	2
1	12	4
1	17	3
1	23	1
1	3	1
1	2	4
1	5	1
1	7	1
1	8	2
3	11	1
3	17	11
3	23	4
3	19	2
3	18	1
3	1	4
3	2	9
3	5	2
3	7	1
3	6	5
3	8	6
2	12	5
2	17	2
2	23	6
2	19	2
2	1	4
2	3	7
2	5	9
2	6	2
2	9	2
2	8	8
5	9	4
5	8	1
5	2	8
5	7	4
5	23	8
7	11	2
7	17	2
7	23	6
7	19	6
7	5	1
7	6	2
7	9	3
7	8	2
6	11	1
6	17	6
6	23	3
6	3	3
6	2	4
6	5	2
6	7	2
6	9	1
6	8	6
9	11	4
9	17	1
9	23	5
9	19	4
9	5	3
9	7	5
9	8	7
8	11	7
8	12	5
8	17	9
8	23	9
8	19	7
8	18	1
8	1	1
8	3	4
8	2	4
8	5	2
8	7	6
8	6	4
8	9	2
