11	24	1
11	12	2
11	15	5
11	14	2
11	17	1
11	16	7
11	23	3
11	1	1
11	3	2
11	2	2
11	7	5
11	9	3
11	8	1
24	12	2
24	2	1
12	11	1
12	24	3
12	16	1
12	23	31
12	3	1
12	2	10
12	7	10
12	9	8
12	8	10
15	11	13
15	12	2
15	16	12
15	1	1
15	3	10
15	2	2
15	7	4
15	9	1
15	8	5
14	11	1
14	8	1
14	16	1
17	1	1
17	11	5
17	3	1
17	16	1
16	11	15
16	12	4
16	15	8
16	17	2
16	23	5
16	3	4
16	2	3
16	7	4
16	9	3
16	8	5
23	11	3
23	12	26
23	15	3
23	16	3
23	3	4
23	2	6
23	7	5
23	9	6
23	8	7
1	11	1
1	12	4
1	15	1
1	16	1
1	23	2
1	3	4
1	2	4
1	7	3
3	11	2
3	24	1
3	12	8
3	15	16
3	17	4
3	16	3
3	23	1
3	1	3
3	2	11
3	7	2
3	9	1
3	8	6
2	12	21
2	15	3
2	16	2
2	23	10
2	1	4
2	3	17
2	7	2
2	8	5
7	11	3
7	12	7
7	15	4
7	16	4
7	23	4
7	9	2
7	8	2
9	11	4
9	12	3
9	15	3
9	23	2
9	7	4
9	8	4
8	11	6
8	12	9
8	15	7
8	16	13
8	23	7
8	3	6
8	2	7
8	7	6
8	9	1
