11	10	4
11	15	1
11	21	4
11	17	3
11	23	3
11	29	4
11	4	1
11	6	3
11	8	4
11	25	8
10	11	3
10	25	2
10	15	1
10	17	2
10	23	4
10	29	2
10	6	4
10	8	2
15	11	6
15	10	2
15	21	3
15	17	2
15	23	7
15	16	4
15	29	6
15	1	1
15	4	6
15	6	4
15	8	7
15	25	13
21	11	2
21	10	1
21	15	4
21	17	3
21	23	5
21	16	5
21	4	4
21	8	8
21	25	3
17	11	3
17	25	1
17	21	2
17	23	1
17	6	3
17	8	4
17	10	1
23	11	3
23	25	1
23	15	3
23	21	4
23	16	2
23	29	5
23	20	2
23	4	2
23	6	5
23	8	10
16	25	1
16	20	2
16	21	4
16	17	1
16	23	8
16	4	2
16	8	5
29	11	3
29	10	5
29	15	7
29	23	1
29	4	1
29	6	4
29	8	5
20	11	1
20	25	1
20	21	2
20	17	1
20	16	1
20	4	1
20	8	3
1	10	1
1	15	2
1	4	1
1	21	1
4	11	1
4	10	1
4	15	11
4	21	3
4	23	3
4	16	6
4	29	3
4	1	4
4	25	4
4	6	7
4	8	8
6	11	2
6	10	5
6	15	5
6	21	5
6	17	1
6	23	3
6	29	5
6	4	4
6	8	11
6	25	6
8	11	2
8	10	4
8	15	10
8	21	4
8	17	3
8	23	4
8	16	7
8	29	9
8	4	9
8	6	9
8	20	4
8	25	13
25	11	8
25	10	3
25	15	4
25	21	3
25	23	7
25	16	2
25	29	1
25	1	1
25	4	7
25	6	8
25	8	6
