11	10	1
11	38	3
11	21	1
11	27	6
11	6	2
11	8	1
10	11	1
10	13	2
10	27	4
10	18	3
10	38	11
10	7	4
10	8	3
13	11	1
13	10	3
13	27	1
13	21	1
13	38	5
13	7	1
13	6	2
13	9	1
13	8	2
27	11	2
27	10	4
27	13	4
27	38	5
27	21	1
27	18	10
27	1	1
27	5	2
27	7	5
27	9	2
27	8	5
21	10	2
21	13	1
21	27	3
21	14	1
21	18	4
21	1	3
21	5	5
21	7	2
21	9	1
21	8	2
18	10	2
18	27	9
18	38	3
18	5	3
18	7	5
18	6	3
18	9	1
1	11	3
1	13	1
1	21	2
1	18	1
1	5	3
1	9	2
38	10	6
38	13	4
38	27	2
38	21	1
38	7	2
38	6	2
38	8	4
5	11	1
5	10	2
5	13	2
5	27	3
5	21	7
5	18	3
5	1	8
5	38	2
5	6	1
5	8	1
5	14	1
7	10	4
7	38	1
7	18	4
7	27	4
7	9	4
7	8	1
6	11	4
6	8	1
6	38	3
6	27	5
6	18	1
9	10	5
9	13	2
9	27	1
9	7	2
9	38	1
8	10	4
8	13	2
8	38	8
8	21	4
8	18	2
8	7	2
8	6	1
8	9	4
14	18	1
14	6	1
