11	20	3
11	17	1
11	19	1
11	36	1
11	33	1
11	7	1
25	9	1
25	34	2
39	20	1
39	17	1
39	33	3
39	34	4
39	7	1
39	9	1
20	11	3
20	25	3
20	39	2
20	17	6
20	19	4
20	36	1
20	34	6
20	1	1
20	33	3
20	7	4
20	6	5
20	9	1
17	39	2
17	20	7
17	19	1
17	34	7
17	1	4
17	33	9
17	7	1
17	6	10
17	9	3
19	1	2
19	11	1
19	20	2
19	33	1
19	6	10
36	33	1
36	39	1
36	20	1
34	25	1
34	39	5
34	20	1
34	17	12
34	33	3
34	1	1
34	9	2
1	39	1
1	20	1
1	17	7
1	34	1
1	7	1
1	6	4
33	11	2
33	39	2
33	20	7
33	17	3
33	19	3
33	36	4
33	34	6
33	7	4
33	6	1
33	9	1
7	11	2
7	39	3
7	20	4
7	19	2
7	33	2
7	6	1
7	9	1
6	11	2
6	39	2
6	20	6
6	17	10
6	19	1
6	36	1
6	34	3
6	1	4
6	33	4
6	7	2
9	11	1
9	33	2
9	20	1
9	7	3
9	34	1
