11	10	8
11	12	1
11	14	2
11	22	1
11	18	7
11	3	3
11	4	1
11	9	1
11	8	8
10	11	10
10	14	6
10	22	23
10	18	6
10	3	2
10	4	14
10	9	4
10	8	7
12	10	4
14	11	1
14	10	2
14	12	1
14	22	3
14	18	5
14	1	3
14	3	5
14	4	5
14	24	8
14	8	9
22	24	1
22	10	32
22	12	1
22	14	6
22	3	4
22	4	3
22	9	3
22	8	5
18	11	13
18	10	4
18	12	1
18	14	5
18	22	2
18	3	2
18	4	2
18	24	8
18	9	4
18	8	12
1	24	5
1	10	1
1	14	2
1	18	1
1	3	8
1	4	2
3	11	1
3	10	3
3	12	1
3	14	2
3	22	9
3	18	1
3	1	4
3	4	11
3	24	2
3	9	2
3	8	3
4	11	1
4	10	12
4	14	6
4	22	12
4	18	1
4	1	1
4	3	4
4	24	1
4	9	7
4	8	2
24	11	4
24	10	1
24	14	4
24	22	1
24	18	13
24	1	4
24	3	6
24	4	1
24	9	1
24	8	8
9	11	4
9	8	4
9	4	2
9	22	1
9	10	5
8	11	18
8	10	8
8	14	5
8	22	2
8	18	12
8	3	4
8	4	2
8	24	6
8	9	3
