13	22	3
13	28	2
13	1	1
13	2	2
13	5	4
13	9	1
15	13	1
15	22	1
15	17	1
15	28	1
15	7	1
15	8	2
17	8	1
17	3	1
17	21	1
17	7	2
22	13	4
22	15	1
22	17	1
22	23	5
22	1	1
22	3	10
22	7	3
22	8	1
23	8	2
23	3	4
23	28	2
23	22	1
28	13	2
28	15	1
28	17	3
28	22	3
28	23	2
28	2	5
28	5	1
28	7	1
28	9	6
28	8	5
1	3	2
1	13	1
1	23	1
3	13	1
3	15	1
3	22	4
3	23	3
3	28	4
3	1	1
3	5	4
3	9	3
3	8	3
2	13	1
2	15	1
2	17	1
2	28	1
2	1	1
2	7	5
2	9	3
2	8	5
5	22	6
5	23	1
5	1	2
5	3	2
5	9	1
5	8	1
7	17	4
7	22	2
7	23	1
7	28	3
7	3	1
7	2	6
7	5	1
7	9	5
7	8	2
9	13	1
9	22	3
9	23	2
9	28	2
9	3	2
9	2	2
9	5	2
9	7	4
9	8	4
8	13	1
8	15	2
8	17	5
8	22	6
8	23	2
8	28	3
8	3	2
8	2	4
8	7	7
8	9	3
21	17	1
