25	13	4
25	12	2
25	22	1
25	23	2
25	33	2
25	31	1
25	40	1
25	19	4
25	27	1
25	4	2
25	7	3
25	8	1
13	33	1
13	25	1
13	12	4
13	7	1
12	25	1
12	13	3
12	27	20
12	23	1
12	33	3
12	32	1
12	19	2
12	4	2
12	7	6
22	8	1
22	4	1
23	25	4
23	13	1
23	27	5
23	33	7
23	31	4
23	19	3
23	4	1
23	7	7
23	8	1
33	25	10
33	13	1
33	12	6
33	23	11
33	19	7
33	32	7
33	31	7
33	40	2
33	27	8
33	4	9
33	7	11
33	8	1
32	25	1
32	12	2
32	23	1
32	33	8
32	31	10
32	40	3
32	19	1
32	27	3
32	4	7
32	7	2
32	8	1
31	25	3
31	13	1
31	27	1
31	23	5
31	33	8
31	32	8
31	40	6
31	7	2
31	8	1
40	25	1
40	27	2
40	33	5
40	32	3
40	31	5
40	12	1
40	4	3
40	7	1
40	8	1
19	25	1
19	27	3
19	22	1
19	23	1
19	33	3
19	32	1
19	31	1
19	12	2
19	4	2
19	7	7
19	8	1
27	25	5
27	13	1
27	12	10
27	23	4
27	33	12
27	32	2
27	31	1
27	19	3
27	4	4
27	7	5
27	8	5
4	27	7
4	22	2
4	23	1
4	33	11
4	32	7
4	31	1
4	40	4
4	19	2
4	12	5
4	7	5
4	8	6
7	25	3
7	13	2
7	12	4
7	22	1
7	23	8
7	33	10
7	32	1
7	31	3
7	19	3
7	27	10
7	4	4
7	8	1
8	25	2
8	27	5
8	23	2
8	33	4
8	32	1
8	31	1
8	19	1
8	4	1
8	7	2
