11	16	7
11	30	2
11	2	7
11	5	1
11	7	1
11	6	4
10	16	1
10	2	1
10	26	1
10	7	2
10	6	2
26	11	5
26	12	2
26	16	5
26	30	10
26	36	2
26	2	1
26	5	12
26	4	2
26	7	2
26	6	3
26	9	3
26	8	12
12	16	2
12	30	1
12	5	12
12	4	2
12	7	1
12	6	1
16	11	8
16	10	1
16	26	2
16	12	1
16	30	13
16	2	9
16	5	4
16	4	1
16	7	2
16	6	3
16	9	3
16	8	1
30	11	4
30	26	9
30	16	3
30	2	5
30	5	7
30	4	2
30	7	1
30	6	8
30	9	5
30	8	11
36	11	1
36	10	1
36	26	2
36	12	1
36	16	2
36	2	1
36	5	1
36	4	1
36	7	2
36	6	5
2	11	7
2	26	2
2	12	3
2	16	7
2	30	3
2	36	4
2	5	7
2	4	3
2	7	4
2	6	2
2	9	4
2	8	1
5	26	22
5	12	6
5	16	2
5	30	11
5	36	3
5	2	3
5	4	16
5	6	7
5	9	5
5	8	2
4	11	1
4	10	1
4	26	4
4	12	4
4	16	5
4	30	1
4	36	1
4	2	18
4	5	9
4	7	1
4	6	1
4	9	1
4	8	2
7	10	2
7	12	1
7	16	1
7	2	4
7	4	3
7	6	2
6	11	2
6	10	1
6	26	5
6	16	5
6	30	4
6	36	4
6	2	8
6	5	14
6	4	6
6	7	2
6	8	2
9	26	1
9	16	7
9	36	1
9	2	1
9	7	5
9	8	1
8	11	1
8	26	5
8	16	2
8	30	7
8	2	2
8	5	2
8	6	2
8	9	1
