13	38	7
13	21	1
13	22	4
13	1	5
13	2	4
13	5	4
13	7	1
13	8	2
38	13	3
38	22	3
38	23	1
38	1	2
38	2	3
38	5	1
38	7	2
38	9	3
38	8	3
15	2	1
15	17	3
21	13	1
21	17	2
21	22	1
21	23	3
21	1	2
21	3	1
21	2	2
21	5	2
21	9	5
21	8	2
22	13	4
22	15	1
22	21	8
22	17	1
22	23	4
22	3	1
22	2	3
22	5	6
22	7	3
22	9	7
22	8	6
23	38	1
23	21	3
23	22	3
23	2	2
23	17	1
23	7	3
23	9	2
23	8	2
1	9	1
1	8	1
1	3	1
3	22	1
2	13	3
2	38	1
2	21	4
2	22	3
2	23	5
2	1	1
2	5	3
2	17	2
2	7	5
2	9	1
2	8	9
5	13	7
5	21	7
5	22	3
5	1	2
5	2	1
5	9	1
5	8	2
17	38	1
17	15	2
17	21	2
17	22	3
17	23	1
17	8	4
7	13	4
7	38	5
7	17	2
7	22	1
7	23	2
7	1	1
7	2	4
7	9	2
7	8	7
9	38	1
9	21	4
9	22	3
9	23	2
9	2	4
9	5	3
9	7	4
9	8	6
8	38	6
8	15	1
8	21	2
8	22	10
8	23	3
8	3	1
8	2	6
8	5	3
8	17	1
8	7	10
8	9	2
