11	39	7
11	12	7
11	14	1
11	17	22
11	23	6
11	19	14
11	18	4
11	16	6
11	34	3
11	3	2
11	4	5
11	6	4
13	11	3
13	39	1
13	34	1
13	3	1
13	4	5
13	6	3
12	11	2
12	17	2
12	23	3
12	19	2
12	18	1
12	34	1
12	6	1
14	19	1
14	39	1
14	16	2
17	11	10
17	39	6
17	12	4
17	23	7
17	19	11
17	18	4
17	16	3
17	34	4
17	3	1
17	4	2
17	6	3
23	11	7
23	39	1
23	12	3
23	17	2
23	16	1
23	19	2
23	18	3
23	34	2
23	6	2
19	11	26
19	39	11
19	12	1
19	17	17
19	23	6
19	18	7
19	16	5
19	34	11
19	3	2
19	4	10
19	6	4
18	11	11
18	39	2
18	12	3
18	14	1
18	17	2
18	23	7
18	19	6
18	16	1
18	34	5
18	4	1
18	6	11
16	11	6
16	39	13
16	12	1
16	17	1
16	23	1
16	19	6
16	3	1
16	4	1
16	6	1
39	11	6
39	13	1
39	14	3
39	17	8
39	23	1
39	19	7
39	16	13
39	34	2
39	3	1
39	4	11
39	6	1
34	11	6
34	13	1
34	12	2
34	17	5
34	19	14
34	18	10
34	39	3
34	4	6
34	6	6
3	11	1
3	19	4
3	12	1
3	17	1
3	16	1
4	11	12
4	13	5
4	12	1
4	17	5
4	16	6
4	19	13
4	18	1
4	39	9
4	34	10
4	6	15
6	11	4
6	13	3
6	17	5
6	16	2
6	19	14
6	18	15
6	39	3
6	34	6
6	3	2
6	4	19
