10	25	3.41203447369
10	13	3.95113629174
10	17	1.39055470151
10	19	2.99101610234
10	18	1.68894003288
10	31	1.57245697197
10	3	2.90905290395
10	9	2.99649181494
13	10	5.25626325574
13	27	1.85588213192
13	17	5.05112383466
13	25	2.99907382928
13	19	2.34839051091
13	18	1.19438780039
13	31	0.363223921597
13	28	1.04093377383
13	1	2.12597554747
13	3	5.47720291323
13	7	2.29625100078
13	9	2.20579286458
27	13	1.83486250344
27	17	4.75148634972
27	18	8.82725474074
27	31	0.441324742635
27	28	1.11903459486
27	1	2.3929455215
27	3	9.14381764095
27	7	3.88530504568
27	9	2.47276283859
17	10	3.17245450723
17	13	3.0725976876
17	27	7.70457780869
17	25	1.10413423378
17	19	2.53101159822
17	18	8.931775007
17	31	2.05679823276
17	28	1.03468570814
17	1	8.16354037724
17	3	8.49286129528
17	7	3.98982531194
17	9	3.89936717574
25	10	1.95223880875
25	13	1.74510442422
25	27	1.08874826178
25	17	0.128868598904
25	19	2.29593745868
25	18	1.37159969517
25	31	0.499640022343
25	3	0.514151883445
25	7	0.732844724678
19	10	2.82179115257
19	13	1.81838436205
19	27	4.75054210631
19	17	1.33536345464
19	25	2.26442410297
19	18	3.9001786218
19	31	2.98742315492
19	3	3.75741162796
19	7	3.40949701025
18	25	1.76172448334
18	27	9.87312128212
18	19	6.02163914253
18	31	5.92516408303
18	28	0.936799345775
18	3	7.26176001501
18	7	8.80253692713
31	10	2.53218127223
31	13	0.206690410844
31	27	0.305810860348
31	17	1.04575357431
31	25	1.03046845772
31	19	4.68297986391
31	18	3.23283043549
31	3	0.634764452883
31	7	4.81970950676
31	9	1.93700986985
28	1	0.897882129698
28	18	0.721770994543
28	27	1.0055270201
28	9	0.788830293815
28	17	0.801123969151
1	10	0.398118330416
1	13	2.03887968167
1	27	2.32686928416
1	17	7.59967166971
1	19	0.134413727359
1	18	3.93180478842
1	28	0.378706008171
1	3	1.18566544687
1	7	0.460012523186
3	10	6.38114741939
3	13	6.88869385274
3	27	9.631982444
3	17	7.16114955726
3	25	2.80187392207
3	19	7.20986194019
3	18	9.15935726546
3	31	1.25844313823
3	1	2.30651394622
3	7	4.89129259425
7	10	2.92176020349
7	13	1.54061510702
7	27	3.15068878039
7	25	1.04230908302
7	19	4.12821303026
7	18	5.69997004958
7	31	2.70965389989
7	28	0.635918045456
7	1	0.924687413133
7	3	3.85738067888
7	9	1.94885049514
9	13	0.431736945788
9	7	0.930430470116
