11	10	2
10	13	2
10	27	9
10	21	2
10	17	1
10	23	1
10	19	4
10	38	4
10	7	1
10	6	4
10	9	8
13	10	3
13	27	4
13	21	5
13	19	1
13	1	4
13	38	1
13	5	2
13	6	1
27	10	9
27	13	6
27	38	5
27	21	2
27	17	4
27	23	1
27	19	2
27	1	1
27	5	1
27	7	3
27	6	1
27	9	1
21	10	3
21	13	4
21	27	6
21	17	3
21	23	1
21	1	5
21	38	2
21	5	5
21	6	2
17	10	7
17	27	1
17	23	1
17	1	1
17	38	3
17	5	4
17	7	1
17	6	3
23	9	1
23	38	1
23	27	1
23	17	1
23	6	2
19	11	1
19	10	2
19	13	3
19	27	2
19	21	2
19	17	1
19	38	2
19	5	1
19	7	1
19	6	2
19	9	2
1	10	1
1	27	1
1	21	2
1	38	2
1	5	5
1	6	1
1	9	1
38	10	5
38	13	4
38	27	4
38	21	1
38	17	2
38	19	4
38	7	1
38	6	2
38	9	3
5	10	2
5	27	5
5	21	3
5	17	5
5	19	3
5	1	3
5	38	2
5	7	1
5	6	6
5	9	2
7	10	2
7	27	1
7	21	1
7	38	1
6	10	6
6	13	2
6	27	2
6	17	6
6	23	2
6	19	5
6	1	2
6	38	6
6	5	1
6	9	9
9	10	7
9	13	2
9	27	4
9	17	1
9	23	3
9	19	2
9	38	1
9	6	2
