11	18	1
11	88	1
11	12	2
11	17	2
25	27	2
25	17	4
25	18	4
25	88	1
25	12	3
25	8	7
25	93	4
25	84	1
27	11	1
27	25	3
27	21	1
27	18	7
27	88	1
27	8	4
27	80	1
21	25	2
21	27	1
21	17	1
21	18	3
21	12	1
21	7	1
21	80	9
21	93	1
21	84	1
17	25	3
17	27	4
17	55	1
17	18	4
17	88	3
17	7	4
17	8	1
17	80	16
17	93	1
17	84	2
55	25	2
55	21	1
55	18	4
55	7	2
55	8	3
55	80	1
55	84	1
18	25	6
18	27	2
18	21	1
18	17	8
18	55	5
18	88	6
18	12	3
18	8	11
18	80	15
18	93	1
88	11	3
88	12	4
88	17	2
88	18	7
88	80	1
88	93	2
12	11	1
12	25	2
12	27	1
12	17	1
12	18	3
12	88	5
12	80	2
7	21	1
7	17	1
7	55	3
7	8	7
7	80	6
7	84	1
8	25	1
8	21	1
8	17	2
8	55	2
8	18	8
8	7	7
8	80	6
8	93	6
8	84	2
80	25	2
80	27	2
80	21	1
80	17	21
80	55	2
80	18	11
80	88	3
80	12	2
80	7	8
80	8	5
80	93	2
93	25	3
93	17	2
93	18	3
93	88	1
93	7	2
93	8	4
93	80	2
84	55	1
84	80	1
84	93	2
84	17	2
84	7	1
