11	77	1
11	8	1
11	38	2
10	13	5
10	38	1
10	21	1
10	44	1
10	29	4
10	77	2
10	6	3
10	8	1
13	10	3
13	38	2
13	44	1
13	30	1
13	28	2
13	29	3
13	8	1
38	11	2
38	20	3
38	21	1
38	44	6
38	30	7
38	77	6
38	6	3
38	8	6
20	10	2
20	13	1
20	38	2
20	21	1
20	44	1
20	30	1
20	29	2
20	77	6
20	6	1
20	8	3
21	11	2
21	20	2
21	44	1
21	28	1
21	29	1
21	6	1
21	8	3
17	13	1
44	11	1
44	10	1
44	13	3
44	38	6
44	21	3
44	17	1
44	30	4
44	29	1
44	77	3
44	6	3
44	8	1
30	10	1
30	13	1
30	38	1
30	20	2
30	44	6
30	77	1
30	6	2
30	8	2
28	77	2
28	11	1
28	38	1
28	29	1
29	10	4
29	13	2
29	38	1
29	20	1
29	21	1
29	17	1
29	28	2
29	77	2
29	6	2
29	8	2
77	10	2
77	38	5
77	20	9
77	21	1
77	44	1
77	30	1
77	28	1
77	29	1
77	8	6
6	11	1
6	10	3
6	13	2
6	38	8
6	20	1
6	44	7
6	30	1
6	29	3
6	77	1
6	8	3
8	10	2
8	13	1
8	38	6
8	20	3
8	21	1
8	44	3
8	30	1
8	29	3
8	77	7
8	6	8
