25	10	1
25	26	2
25	15	1
25	36	1
25	3	3
25	5	8
25	4	7
26	25	4
26	15	5
26	21	1
26	10	7
26	18	9
26	30	2
26	28	10
26	36	3
26	99	5
26	3	5
26	5	6
26	4	3
26	7	6
15	10	7
15	26	12
15	21	6
15	18	2
15	30	3
15	28	6
15	36	2
15	99	3
15	3	2
15	5	11
15	4	3
15	7	9
21	25	3
21	26	2
21	15	11
21	10	9
21	18	2
21	28	2
21	36	5
21	99	1
21	3	4
21	5	2
21	4	13
21	7	15
10	26	5
10	15	8
10	21	8
10	18	4
10	36	3
10	99	8
10	3	1
10	5	3
10	4	2
10	7	6
18	10	2
18	26	8
18	15	2
18	21	2
18	36	3
18	99	1
18	3	1
18	7	1
30	26	1
30	15	4
30	21	1
30	28	2
30	3	1
30	7	3
28	10	1
28	26	3
28	15	3
28	21	3
28	30	3
28	99	3
28	3	1
28	5	2
28	4	1
28	7	1
36	25	2
36	26	2
36	15	8
36	21	4
36	10	6
36	18	3
36	99	1
36	5	6
36	4	6
36	7	2
99	10	2
99	26	2
99	15	4
99	21	4
99	18	1
99	36	3
99	7	6
3	25	4
3	26	10
3	15	1
3	21	1
3	10	1
3	30	1
3	28	2
3	99	2
3	5	2
3	4	4
5	25	7
5	26	15
5	15	4
5	21	3
5	10	7
5	18	1
5	28	2
5	36	8
5	99	2
5	3	4
5	4	10
5	7	1
4	25	3
4	26	7
4	15	5
4	21	15
4	10	4
4	30	1
4	36	3
4	3	4
4	5	9
4	7	2
7	10	4
7	26	3
7	15	6
7	21	8
7	18	2
7	30	3
7	36	2
7	99	2
7	5	4
7	4	2
