25	20	2
25	17	1
25	16	3
25	19	2
25	34	3
25	4	1
25	7	1
20	25	4
20	17	19
20	16	6
20	19	10
20	18	5
20	31	15
20	30	1
20	34	11
20	1	3
20	4	3
20	7	2
20	9	3
20	10	6
17	25	1
17	20	15
17	16	6
17	19	3
17	18	3
17	31	9
17	30	1
17	34	13
17	1	11
17	4	5
17	9	1
17	10	4
16	25	4
16	20	5
16	17	3
16	10	2
16	19	2
16	31	7
16	34	8
16	7	2
19	25	5
19	20	9
19	17	1
19	16	4
19	18	7
19	31	11
19	30	1
19	34	1
19	7	8
19	9	3
19	10	8
18	25	1
18	20	1
18	17	3
18	16	1
18	19	9
18	31	30
18	34	15
18	1	1
18	4	9
18	7	7
18	9	2
18	10	2
31	25	2
31	20	13
31	17	5
31	16	2
31	19	19
31	18	17
31	30	2
31	34	18
31	1	1
31	4	5
31	7	19
31	9	7
31	10	11
30	19	1
30	10	4
30	17	1
30	34	1
34	25	4
34	20	20
34	17	17
34	16	11
34	19	3
34	18	11
34	31	20
34	4	9
34	7	9
34	9	2
34	10	7
1	20	2
1	17	4
1	16	1
1	18	7
1	31	3
1	34	3
1	4	12
4	10	2
4	20	5
4	17	6
4	19	3
4	18	9
4	31	12
4	34	12
4	1	3
4	7	6
7	25	3
7	20	3
7	17	2
7	16	1
7	19	10
7	18	7
7	31	9
7	34	5
9	10	1
9	20	2
9	19	1
9	18	7
9	31	4
9	34	2
9	4	1
10	20	6
10	16	1
10	19	6
10	18	3
10	31	5
10	30	2
10	34	3
10	9	4
