24	10	4
24	14	12
24	22	1
24	18	2
24	31	8
24	37	5
24	50	2
24	3	2
24	2	4
24	6	1
24	8	8
24	21	10
10	8	2
10	31	3
10	2	1
10	14	1
10	18	1
14	24	6
14	10	2
14	21	7
14	18	1
14	31	9
14	37	2
14	50	1
14	3	3
14	2	1
14	6	3
14	8	9
22	24	1
22	21	2
22	37	10
22	3	1
22	2	2
22	6	4
22	9	4
18	24	1
18	10	1
18	14	2
18	31	1
18	37	1
18	2	2
18	6	4
18	8	1
18	21	1
31	24	7
31	10	2
31	14	3
31	37	1
31	2	7
31	8	6
31	21	6
37	24	11
37	14	1
37	22	9
37	18	1
37	31	5
37	2	12
37	6	12
37	9	1
37	8	4
37	21	16
50	24	3
50	31	1
50	2	7
50	14	1
3	24	1
3	14	5
3	37	1
3	6	1
3	8	2
3	21	1
2	24	2
2	21	14
2	22	2
2	18	4
2	31	10
2	37	9
2	50	5
2	6	3
2	8	2
6	24	4
6	14	4
6	22	1
6	18	2
6	31	2
6	37	14
6	3	2
6	2	1
6	8	2
6	21	5
9	8	1
9	31	2
9	37	1
9	14	2
8	24	7
8	14	8
8	18	3
8	31	9
8	3	4
8	2	7
8	9	2
8	21	2
21	24	10
21	14	7
21	22	1
21	18	1
21	31	10
21	37	16
21	50	4
21	3	2
21	2	7
21	6	4
21	9	4
21	8	8
