25	55	2
25	62	1
25	20	1
25	21	1
13	20	1
13	42	1
13	5	1
13	7	1
20	14	1
20	23	2
20	55	1
20	42	3
20	62	1
20	5	1
20	7	1
20	8	3
20	21	1
14	20	1
14	13	1
14	42	7
14	5	2
14	34	1
23	25	1
23	20	2
23	21	1
23	55	2
23	42	1
23	62	4
23	5	2
23	7	4
23	8	2
23	14	1
55	25	1
55	20	2
55	14	1
55	23	2
55	34	6
55	5	2
55	8	1
55	21	1
42	25	2
42	13	3
42	20	3
42	14	2
42	55	1
42	62	1
42	5	2
42	7	4
34	23	1
34	20	2
34	14	1
34	7	1
34	21	4
62	20	1
62	21	1
62	23	4
62	5	1
62	7	3
62	8	1
2	13	1
2	14	2
2	23	1
2	42	1
2	62	1
2	7	1
5	20	3
5	14	1
5	23	2
5	55	4
5	42	4
5	34	2
5	62	3
5	7	5
5	8	5
7	55	1
7	8	1
7	23	1
7	5	3
7	20	5
8	20	1
8	14	2
8	23	3
8	55	1
8	5	3
8	7	3
8	21	1
21	14	2
21	23	4
21	55	3
21	34	3
21	62	1
21	5	3
21	8	3
