39	15	1
39	21	1
39	16	3
39	28	2
39	35	2
39	70	2
39	9	5
15	39	3
15	20	4
15	21	2
15	22	8
15	16	6
15	28	15
15	35	2
15	2	5
15	73	1
15	4	1
15	70	3
15	9	5
21	15	4
21	22	1
21	16	2
21	28	4
21	35	7
21	1	8
21	2	11
21	73	3
21	4	15
21	70	3
21	9	1
21	20	1
22	15	4
22	21	1
22	16	4
22	28	3
22	73	1
22	9	3
16	39	2
16	20	1
16	21	2
16	28	6
16	2	2
16	4	1
16	9	13
16	15	6
28	20	1
28	21	3
28	22	3
28	16	4
28	35	14
28	2	3
28	73	1
28	70	3
28	9	6
28	15	9
35	39	3
35	15	6
35	21	6
35	22	2
35	28	9
35	2	6
35	70	3
35	9	6
1	39	1
1	20	2
1	21	5
1	22	2
1	16	1
1	28	1
1	2	4
1	4	9
1	70	2
1	9	1
2	20	1
2	21	9
2	16	2
2	28	10
2	35	5
2	1	3
2	70	1
2	9	1
2	15	4
73	9	1
73	28	2
73	21	3
4	39	4
4	20	3
4	21	7
4	22	1
4	16	3
4	1	6
4	70	10
4	9	8
4	15	3
70	39	2
70	15	3
70	21	3
70	28	3
70	35	5
70	1	2
70	2	3
70	4	3
70	9	7
9	39	4
9	20	2
9	21	5
9	22	3
9	16	8
9	28	3
9	35	6
9	1	1
9	4	7
9	70	3
9	15	14
20	39	1
20	15	7
20	21	3
20	16	3
20	28	1
20	1	1
20	2	2
20	4	3
