11	20	5
11	17	1
11	19	5
11	36	1
11	33	4
11	7	7
11	9	3
25	11	1
25	20	1
25	21	1
25	33	5
25	34	4
25	7	2
25	9	5
20	11	8
20	25	1
20	16	6
20	19	4
20	34	6
20	33	6
20	7	4
20	9	4
21	36	2
17	25	1
17	16	3
17	19	4
17	34	1
17	1	3
17	33	1
17	7	1
16	11	2
16	25	1
16	20	3
16	17	4
16	19	2
16	36	1
16	34	2
16	33	5
16	7	4
16	9	2
19	11	6
19	20	4
19	17	5
19	33	2
19	1	1
19	7	2
19	9	5
36	25	1
36	21	1
36	7	1
34	11	2
34	25	6
34	20	5
34	16	3
34	33	7
34	36	1
34	7	1
34	9	3
1	11	1
1	20	1
1	17	3
1	16	3
1	19	2
1	33	1
1	7	1
1	9	2
33	11	3
33	25	3
33	20	7
33	17	1
33	16	5
33	36	1
33	34	9
33	1	1
33	7	4
33	9	6
7	11	6
7	25	6
7	20	6
7	16	1
7	19	1
7	34	3
7	33	2
7	9	3
9	11	5
9	25	5
9	20	1
9	33	5
9	34	2
9	7	3
