37	10	2
37	17	1
37	19	4
37	18	6
37	28	7
37	4	10
37	7	6
37	9	1
37	8	8
10	16	1
10	19	5
10	18	6
10	28	3
10	29	8
10	37	5
10	7	5
10	9	2
10	8	10
17	10	2
17	16	1
17	18	1
22	10	2
22	28	3
22	37	1
22	4	6
22	7	1
22	8	1
16	9	1
16	18	1
16	19	2
19	21	2
19	17	1
19	16	2
19	18	5
19	37	6
19	4	2
19	7	4
19	9	4
19	8	2
18	10	9
18	17	1
18	22	1
18	19	4
18	37	9
18	28	20
18	29	8
18	4	7
18	7	3
18	9	1
18	8	16
28	10	9
28	22	4
28	18	8
28	37	4
28	29	11
28	4	11
28	7	6
28	9	3
28	8	22
29	10	6
29	21	1
29	22	1
29	18	7
29	28	8
29	4	3
29	7	1
29	9	4
29	8	11
4	10	1
4	17	1
4	22	1
4	19	9
4	18	9
4	28	9
4	37	13
4	7	2
4	9	3
4	8	13
4	21	1
7	37	3
7	10	4
7	19	4
7	18	6
7	28	1
7	29	3
7	4	1
7	9	6
7	8	8
9	10	4
9	18	4
9	28	2
9	29	1
9	37	4
9	7	4
9	8	9
8	37	5
8	10	16
8	22	3
8	19	4
8	18	16
8	28	17
8	29	12
8	4	12
8	7	12
8	9	9
21	9	1
21	10	3
21	19	1
21	4	2
21	18	1
