24	20	6
24	21	4
24	23	1
24	19	7
24	28	5
24	35	7
24	1	4
24	7	6
24	6	11
20	24	5
20	21	4
20	23	1
20	19	3
20	28	3
20	35	8
20	4	10
20	7	3
20	6	3
21	24	5
21	20	2
21	17	1
21	23	1
21	19	5
21	28	5
21	35	4
21	4	1
21	7	3
21	6	9
17	24	1
17	35	2
17	28	2
17	21	1
17	7	2
23	19	1
23	20	1
23	35	2
23	7	2
19	24	5
19	20	2
19	21	1
19	23	3
19	28	2
19	35	3
19	4	1
19	7	5
19	6	1
28	24	1
28	20	2
28	21	5
28	17	3
28	23	1
28	19	3
28	35	10
28	5	3
28	4	9
28	7	7
35	20	6
35	21	2
35	17	2
35	23	1
35	19	6
35	28	10
35	5	1
35	4	13
35	7	11
35	6	2
1	24	7
1	20	1
1	28	1
1	35	1
1	7	1
1	6	2
5	24	1
5	17	1
5	35	1
5	23	1
4	24	1
4	20	6
4	21	4
4	17	1
4	23	1
4	19	1
4	28	5
4	35	13
4	1	1
4	5	1
4	7	3
4	6	13
7	24	2
7	20	4
7	21	1
7	17	1
7	23	1
7	19	2
7	28	2
7	35	8
7	4	1
6	24	11
6	20	12
6	21	6
6	23	1
6	19	1
6	28	4
6	35	1
6	1	5
6	4	13
