11	9	3
11	18	1
11	33	6
11	17	1
11	23	3
10	17	1
10	23	2
10	33	2
10	18	4
10	36	1
10	9	1
26	14	2
26	17	1
26	23	2
26	18	2
26	3	4
26	47	4
26	9	3
26	8	5
14	26	3
14	17	9
14	23	9
14	33	2
14	18	9
14	3	2
14	47	7
14	9	6
17	11	2
17	26	2
17	14	8
17	23	6
17	33	2
17	18	6
17	3	2
17	47	4
17	9	3
23	10	2
23	26	1
23	14	7
23	17	6
23	33	6
23	18	14
23	3	1
23	47	8
23	9	7
33	11	9
33	10	3
33	14	1
33	17	2
33	23	4
33	18	4
33	36	1
33	3	3
33	9	1
18	11	3
18	10	7
18	26	1
18	14	7
18	17	5
18	23	5
18	33	2
18	47	8
18	36	1
18	1	2
18	3	2
18	9	3
18	8	3
36	9	1
36	18	1
36	33	3
36	8	2
1	26	2
1	23	1
1	33	1
1	18	2
1	3	2
1	9	2
3	11	2
3	10	1
3	26	3
3	14	3
3	23	3
3	33	7
3	47	1
3	1	4
3	9	2
3	8	1
47	26	1
47	14	2
47	17	4
47	23	5
47	18	13
47	3	3
47	9	2
47	8	2
9	11	1
9	14	4
9	17	5
9	23	4
9	33	2
9	18	4
9	36	1
9	3	1
9	47	2
9	8	2
8	10	1
8	26	3
8	23	4
8	33	1
8	18	3
8	36	3
8	3	1
8	47	2
8	9	2
