24	14	4
24	17	6
24	23	1
24	28	3
24	1	1
24	5	4
24	8	3
13	24	1
13	28	2
13	1	1
13	2	2
13	5	3
13	7	1
15	8	1
15	23	1
14	24	3
14	13	2
14	17	5
14	23	1
14	28	6
14	2	3
14	5	1
14	7	6
14	9	3
14	8	7
17	9	5
17	8	5
17	23	2
17	14	7
17	24	2
23	24	2
23	8	2
23	17	2
23	14	1
23	7	2
28	24	2
28	13	3
28	14	5
28	17	4
28	23	1
28	2	3
28	7	6
28	9	2
28	8	6
1	24	1
1	2	1
1	17	2
1	23	1
2	14	3
2	23	1
2	28	2
2	1	1
2	7	11
2	9	1
2	8	1
5	24	2
5	13	2
5	14	1
5	28	1
5	7	1
5	9	1
5	8	1
7	13	4
7	14	2
7	17	2
7	23	3
7	28	2
7	1	1
7	2	11
7	9	2
7	8	5
9	24	1
9	8	1
9	28	2
9	14	3
9	7	1
8	24	4
8	13	2
8	15	1
8	14	3
8	17	9
8	28	1
8	2	9
8	7	7
