11	24	3
11	15	3
11	21	6
11	23	1
11	32	2
11	34	2
24	11	5
24	15	3
24	21	3
24	23	4
24	32	3
24	30	2
24	37	2
24	34	4
24	1	1
24	2	2
24	9	2
30	32	1
30	2	1
30	15	2
30	21	3
15	11	2
15	24	1
15	21	5
15	23	10
15	32	1
15	1	1
15	2	2
15	9	2
21	11	3
21	24	3
21	15	3
21	23	2
21	32	7
21	30	2
21	37	3
21	34	9
21	9	3
21	97	2
23	11	4
23	24	4
23	15	14
23	21	2
23	16	1
23	30	1
23	1	1
23	2	3
23	9	2
23	97	2
32	9	1
32	24	1
32	37	4
32	21	3
32	34	2
16	32	1
16	30	1
16	15	2
37	11	2
37	24	3
37	15	2
37	21	4
37	23	2
37	16	1
37	34	7
37	1	5
37	2	6
34	11	1
34	24	5
34	30	1
34	15	1
34	21	9
34	23	1
34	32	10
34	16	1
34	37	6
34	1	1
34	2	1
34	9	1
34	97	1
1	11	1
1	24	3
1	21	4
1	23	3
1	16	2
1	34	1
1	9	1
2	24	5
2	15	4
2	21	2
2	23	6
2	32	1
2	37	4
2	1	7
2	9	1
9	11	3
9	15	5
9	21	3
97	37	1
97	2	1
97	15	1
97	21	1
