24	25	2
24	15	1
24	14	4
24	18	2
24	35	3
24	3	4
24	2	4
24	4	3
24	66	4
10	24	2
10	25	5
10	15	1
10	14	1
10	18	3
10	88	3
10	7	2
10	3	3
10	66	3
15	10	1
15	3	1
15	2	1
14	24	2
14	10	2
14	3	1
14	7	1
14	35	2
25	10	6
25	14	1
25	18	2
25	88	3
25	7	2
25	3	4
25	2	2
25	4	1
25	66	9
18	25	3
18	14	2
18	88	3
18	35	2
18	3	1
18	2	2
18	66	1
23	18	1
23	88	1
88	10	4
88	15	1
88	23	1
88	18	1
88	25	5
88	66	1
35	24	3
35	10	4
35	14	1
35	25	1
35	7	2
35	88	1
35	2	2
35	4	4
35	66	1
7	10	1
7	2	5
7	4	1
7	25	1
7	14	1
3	10	1
3	14	1
3	25	3
3	18	2
3	35	1
3	7	1
3	88	3
3	2	5
3	4	4
3	66	2
2	24	5
2	10	1
2	14	1
2	25	4
2	18	4
2	35	1
2	7	6
2	3	2
2	4	2
2	66	2
4	24	1
4	10	2
4	14	1
4	25	2
4	18	2
4	35	3
4	7	1
4	3	1
4	2	4
4	66	2
66	24	4
66	10	3
66	14	1
66	25	5
66	18	4
66	88	1
66	3	4
66	2	3
