24	12	9
24	21	8
24	17	1
24	19	1
24	28	2
24	36	1
24	1	11
24	3	12
24	5	13
24	4	4
12	24	5
12	14	2
12	17	3
12	19	2
12	28	4
12	36	1
12	1	2
12	3	3
12	5	7
12	4	10
12	21	9
14	12	3
14	17	2
14	19	1
14	28	6
14	1	2
14	3	1
14	5	1
14	4	5
17	19	10
17	3	4
17	4	6
17	21	5
17	14	1
19	12	3
19	21	4
19	17	5
19	18	1
19	28	3
19	3	5
19	4	7
19	7	1
19	14	3
18	19	1
18	3	3
18	36	2
18	4	1
18	21	2
28	12	8
28	14	7
28	17	2
28	19	1
28	36	1
28	1	7
28	3	1
28	5	5
28	4	8
28	7	1
28	21	1
36	24	1
36	21	1
36	19	2
36	18	1
36	28	1
36	3	1
36	5	1
36	7	2
1	24	5
1	19	5
1	18	2
1	28	2
1	3	4
1	5	3
1	4	1
1	7	1
3	24	8
3	12	1
3	14	1
3	17	5
3	19	12
3	18	2
3	28	1
3	36	4
3	1	2
3	5	2
3	4	8
3	21	8
5	24	19
5	12	2
5	21	2
5	19	1
5	18	1
5	28	11
5	36	1
5	1	3
5	4	2
5	14	1
4	24	3
4	12	6
4	14	10
4	17	5
4	19	10
4	28	5
4	3	5
4	5	2
4	7	1
4	21	6
7	19	2
7	3	1
21	24	7
21	12	7
21	14	1
21	17	6
21	19	3
21	18	3
21	28	1
21	1	1
21	3	12
21	5	9
21	4	4
