11	24	5
11	12	2
11	14	6
11	17	7
11	23	5
11	2	2
11	5	2
11	7	6
11	8	9
24	11	17
24	13	1
24	12	3
24	20	4
24	14	4
24	17	9
24	23	19
24	18	5
24	26	2
24	2	4
24	5	2
24	7	15
24	8	13
13	11	1
13	24	3
13	12	1
13	17	1
13	18	4
13	2	7
13	5	2
13	8	3
12	11	3
12	24	1
12	26	1
12	20	1
12	23	5
12	18	1
12	7	3
20	24	1
20	26	1
20	12	2
20	17	2
20	23	3
20	2	1
20	7	1
14	11	5
14	24	3
14	26	1
14	20	1
14	23	2
14	2	1
14	7	1
14	8	2
17	11	7
17	24	11
17	13	1
17	20	2
17	23	2
17	18	1
17	26	1
17	2	5
17	8	2
23	11	8
23	24	16
23	12	5
23	20	2
23	14	6
23	17	3
23	18	2
23	2	6
23	5	12
23	7	16
23	8	18
18	24	6
18	13	4
18	12	1
18	20	2
18	17	1
18	23	11
18	2	7
18	5	1
18	7	1
18	8	10
26	20	1
26	14	2
26	17	1
26	23	3
2	11	3
2	24	9
2	13	2
2	20	2
2	14	2
2	17	6
2	23	5
2	18	9
2	26	1
2	5	4
2	8	5
5	11	1
5	24	2
5	13	1
5	14	2
5	17	1
5	23	8
5	18	5
5	7	2
5	8	7
7	11	6
7	24	6
7	12	2
7	20	4
7	14	1
7	17	2
7	23	9
7	5	3
7	8	7
8	11	8
8	24	23
8	14	6
8	17	1
8	23	22
8	18	1
8	2	1
8	5	5
8	7	10
