24	20	1
24	33	1
24	32	1
24	3	2
24	7	1
24	8	2
25	24	1
25	20	4
25	14	1
25	32	1
25	3	2
25	4	8
25	7	1
25	6	4
20	24	2
20	25	4
20	14	1
20	33	6
20	32	1
20	3	4
20	11	3
20	4	3
20	7	9
20	6	3
20	9	4
20	8	6
14	9	1
14	24	1
14	3	1
14	7	1
14	11	1
33	24	1
33	11	1
33	20	4
33	14	2
33	32	1
33	15	1
33	3	1
33	7	1
33	9	3
33	8	5
32	24	1
32	8	2
32	4	1
32	33	4
15	11	1
15	8	1
3	24	1
3	25	2
3	20	5
3	14	1
3	11	1
3	4	1
3	7	2
3	6	2
3	9	2
11	33	1
11	8	2
11	20	3
4	24	2
4	25	4
4	20	4
4	14	1
4	32	4
4	7	1
4	6	12
4	9	1
4	8	2
7	24	2
7	20	3
7	14	2
7	33	1
7	3	7
7	4	3
7	6	2
7	9	1
7	8	4
6	25	2
6	20	7
6	14	1
6	3	7
6	4	11
6	7	4
6	8	8
9	33	1
9	8	1
9	3	2
9	15	2
9	7	1
8	11	1
8	20	9
8	33	8
8	32	5
8	3	2
8	4	6
8	7	6
8	6	2
8	9	1
