24	25	1
24	26	1
24	20	1
24	44	2
24	7	1
10	25	3
10	13	2
10	27	2
10	15	4
10	44	2
10	20	2
10	2	2
10	4	6
10	8	5
26	25	1
26	13	1
26	2	6
26	15	1
26	44	10
27	24	1
27	10	3
27	13	4
27	15	6
27	44	1
27	4	4
27	7	1
27	20	1
15	24	1
15	10	7
15	13	5
15	27	6
15	20	11
15	25	2
15	44	8
15	2	5
15	4	14
15	8	1
22	13	1
22	4	2
25	10	4
25	26	1
25	27	5
25	15	1
25	20	3
25	2	10
25	4	9
25	8	5
44	24	2
44	10	3
44	26	7
44	27	1
44	15	11
44	22	1
44	25	1
44	13	7
44	20	10
44	2	8
44	4	5
44	7	1
44	8	2
13	10	1
13	27	6
13	20	5
13	44	6
13	15	9
13	4	4
13	7	1
13	8	6
20	10	4
20	26	3
20	27	2
20	15	9
20	25	3
20	44	4
20	13	9
20	2	10
20	4	13
20	8	6
2	10	5
2	26	4
2	27	2
2	15	2
2	22	1
2	25	10
2	44	11
2	13	1
2	20	10
2	4	11
2	7	1
2	8	4
4	24	3
4	10	3
4	13	6
4	27	6
4	20	5
4	25	11
4	44	6
4	15	6
4	2	11
4	7	2
4	8	7
7	25	1
7	2	1
7	20	2
7	4	1
8	10	8
8	13	4
8	15	3
8	25	4
8	44	2
8	2	4
8	4	7
8	20	4
