24	13	1
24	15	1
25	13	3
25	7	2
25	22	1
13	24	2
13	25	1
13	27	5
13	15	1
13	22	4
13	23	2
13	33	1
13	12	5
13	7	3
13	2	1
12	25	3
12	13	7
12	27	4
12	15	2
12	22	16
12	23	4
12	33	1
12	7	1
15	13	3
15	12	7
15	22	5
15	23	10
15	33	3
15	1	2
15	3	7
15	27	3
15	4	5
22	24	1
22	25	3
22	13	5
22	12	9
22	15	6
22	33	6
22	3	2
22	27	2
22	7	2
23	13	2
23	27	4
23	15	3
23	22	1
23	1	1
23	3	4
23	4	12
23	7	5
33	25	1
33	13	4
33	12	7
33	15	4
33	22	11
33	1	4
33	3	16
33	27	1
33	4	4
1	25	1
1	12	3
1	23	3
1	33	2
1	3	4
1	4	3
3	25	1
3	12	4
3	15	2
3	23	2
3	33	25
3	1	3
3	27	2
3	4	27
3	7	1
27	25	2
27	13	3
27	15	2
27	22	3
27	23	3
27	33	4
27	3	1
27	4	1
4	25	1
4	13	2
4	12	1
4	15	8
4	22	1
4	23	11
4	33	10
4	1	2
4	3	18
4	27	7
4	7	1
7	13	4
7	12	1
7	15	1
7	22	1
7	23	2
7	4	1
