24	10	2
24	14	6
24	17	1
24	23	5
24	32	4
24	30	1
24	2	6
24	7	3
24	9	1
24	8	20
10	24	3
10	27	4
10	14	2
10	17	4
10	23	4
10	7	8
10	9	5
10	8	4
27	10	2
27	22	2
27	17	3
27	23	1
27	32	2
27	2	1
27	7	4
27	9	2
27	8	4
14	24	4
14	10	4
14	27	1
14	17	6
14	23	1
14	7	3
14	9	2
14	8	1
17	24	2
17	10	5
17	27	2
17	14	9
17	32	5
17	2	3
17	7	2
17	9	5
17	8	12
23	24	4
23	10	4
23	27	1
23	17	1
23	32	1
23	30	2
23	2	5
23	7	4
23	8	3
32	24	4
32	10	2
32	27	2
32	14	1
32	17	6
32	23	1
32	30	3
32	2	6
32	7	1
32	9	2
32	8	4
30	24	1
30	10	2
30	22	1
30	32	4
22	27	1
22	17	1
2	24	7
2	10	2
2	27	2
2	14	1
2	17	2
2	23	5
2	32	9
2	30	1
2	7	6
2	9	1
2	8	5
7	24	3
7	10	5
7	27	3
7	14	3
7	23	4
7	32	1
7	2	1
7	9	3
7	8	2
9	24	5
9	10	1
9	27	2
9	14	1
9	17	4
9	7	1
9	8	6
8	24	15
8	10	7
8	27	2
8	14	7
8	17	9
8	23	3
8	32	7
8	22	1
8	2	9
8	7	2
8	9	1
