11	10	2
11	26	7
11	12	4
11	20	2
11	16	10
11	19	2
11	30	1
11	3	4
11	2	4
11	4	6
11	25	15
10	11	2
10	25	5
10	26	3
10	12	3
10	20	6
10	22	1
10	19	1
10	3	7
10	2	15
10	4	1
26	11	17
26	10	2
26	12	2
26	20	3
26	22	1
26	16	6
26	19	2
26	3	4
26	2	1
26	4	25
26	25	10
12	11	8
12	10	3
12	26	4
12	25	4
12	19	1
12	3	6
12	2	3
20	11	3
20	10	5
20	26	1
20	16	4
20	19	3
20	3	2
20	2	12
20	25	4
21	10	1
22	10	1
22	25	3
22	19	1
22	3	4
22	2	2
22	4	13
16	11	4
16	10	2
16	26	3
16	20	3
16	25	8
16	19	1
16	3	1
16	2	3
16	4	1
19	11	2
19	10	1
19	26	2
19	20	2
19	16	2
19	2	1
19	4	2
19	25	2
30	25	2
30	2	1
3	11	5
3	10	6
3	26	11
3	12	7
3	20	4
3	21	2
3	22	5
3	16	1
3	19	4
3	30	1
3	2	33
3	4	38
3	25	7
2	11	5
2	10	11
2	26	1
2	12	3
2	20	15
2	21	2
2	22	5
2	16	2
2	19	2
2	3	31
2	4	12
2	25	6
4	11	12
4	10	4
4	26	30
4	12	4
4	22	5
4	16	2
4	3	43
4	2	9
4	25	8
25	11	12
25	10	3
25	26	10
25	12	5
25	20	2
25	16	3
25	19	3
25	30	1
25	3	14
25	2	14
25	4	7
