11	35	1
10	25	2
10	15	2
10	21	4
10	22	4
10	20	1
10	5	3
10	7	3
10	6	2
10	8	2
26	10	2
26	15	7
26	25	3
26	20	6
26	5	4
26	7	1
26	6	3
26	8	4
15	10	3
15	20	1
15	25	1
15	5	6
15	7	2
15	6	7
15	8	6
21	25	1
21	26	1
21	20	1
21	22	1
21	35	1
21	5	1
21	7	8
21	6	1
21	8	1
22	10	4
22	26	1
22	15	1
22	21	4
22	25	5
22	20	8
22	1	1
22	7	6
22	6	5
22	8	5
25	10	2
25	26	4
25	20	6
25	21	2
25	22	3
25	1	1
25	5	4
25	6	5
25	8	7
35	8	1
35	21	1
35	7	2
35	6	2
20	10	2
20	26	4
20	22	11
20	25	5
20	1	2
20	7	4
20	6	4
20	8	2
1	10	4
1	26	2
1	22	1
1	35	1
1	5	2
1	7	1
1	6	1
5	10	2
5	26	2
5	15	7
5	25	1
5	35	1
5	20	1
5	1	1
5	7	1
5	6	1
5	8	5
7	11	1
7	10	3
7	26	1
7	20	1
7	21	5
7	22	6
7	25	1
7	35	1
7	5	1
7	6	2
7	8	1
6	10	1
6	26	7
6	20	6
6	21	1
6	22	7
6	25	5
6	35	1
6	15	2
6	7	4
6	8	7
8	10	6
8	15	9
8	21	3
8	22	5
8	25	5
8	5	2
8	7	2
8	6	4
8	20	1
