11	24	8
11	10	8
11	14	2
11	3	6
11	5	2
11	7	2
11	9	8
11	8	9
10	11	7
10	24	7
10	15	3
10	14	6
10	5	6
10	4	3
10	7	3
10	6	2
10	9	8
10	8	9
15	24	2
15	10	6
15	14	3
15	1	2
15	3	22
15	5	13
15	4	5
15	7	7
15	9	5
15	8	1
14	11	4
14	10	3
14	15	14
14	6	1
14	1	5
14	3	8
14	5	11
14	4	1
14	7	1
14	24	12
14	9	2
14	8	8
6	11	3
6	10	3
6	15	1
6	14	2
6	5	4
6	4	1
6	24	1
6	9	2
1	24	2
1	15	6
1	14	5
1	3	6
1	5	1
1	6	1
1	8	1
3	11	1
3	10	3
3	15	20
3	14	19
3	1	4
3	5	5
3	4	1
3	7	2
3	24	18
3	8	4
5	11	2
5	10	14
5	15	5
5	14	12
5	6	5
5	1	1
5	3	6
5	4	5
5	7	5
5	24	2
5	9	5
5	8	5
4	10	5
4	15	1
4	14	1
4	1	2
4	5	4
4	6	2
4	9	1
7	11	1
7	10	3
7	15	8
7	14	1
7	3	4
7	5	6
7	24	1
7	9	3
7	8	1
24	11	23
24	10	2
24	15	1
24	14	11
24	3	17
24	5	4
24	7	1
24	6	2
24	9	3
24	8	4
9	11	7
9	10	8
9	15	1
9	6	3
9	5	1
9	4	2
9	7	5
9	24	6
9	8	3
8	11	10
8	10	8
8	15	2
8	14	6
8	1	1
8	3	2
8	5	3
8	4	1
8	7	4
8	24	4
8	9	6
