11	26	1
11	15	3
11	16	4
11	5	1
11	4	1
11	7	1
11	9	2
11	8	1
26	11	1
26	15	3
26	16	3
26	23	3
26	28	3
26	7	3
26	9	1
26	8	3
26	78	1
15	11	2
15	16	4
15	23	4
15	28	1
15	5	5
15	4	2
15	9	5
15	8	2
15	78	2
16	11	4
16	26	5
16	15	7
16	23	5
16	46	3
16	28	4
16	5	2
16	7	3
16	9	1
16	8	2
46	11	1
46	15	2
46	5	1
46	16	1
23	15	2
23	16	1
23	28	4
23	20	1
23	5	4
23	7	1
23	9	3
23	8	1
23	78	4
28	11	2
28	26	2
28	15	1
28	16	2
28	5	4
28	4	1
28	7	3
28	9	1
28	8	12
28	78	1
20	11	1
20	46	1
20	26	1
5	11	1
5	15	4
5	16	4
5	46	3
5	23	4
5	28	4
5	4	1
5	7	1
5	8	1
5	78	3
4	11	2
4	8	3
4	46	3
4	15	1
4	28	2
7	11	2
7	26	1
7	15	1
7	16	2
7	23	1
7	28	1
7	5	2
7	9	1
7	8	5
9	11	1
9	26	2
9	16	2
9	28	1
9	7	2
9	8	2
8	26	4
8	15	2
8	16	2
8	23	3
8	28	12
8	5	2
8	4	1
8	7	4
8	9	1
8	20	1
8	78	1
78	26	1
78	15	1
78	23	2
78	16	2
78	5	3
78	9	1
78	8	1
