11	10	4
11	26	10
11	14	4
11	19	2
11	2	2
11	7	6
11	6	4
11	8	3
10	26	7
10	14	9
10	19	3
10	3	3
10	2	5
10	7	4
10	6	1
10	8	1
26	11	12
26	10	4
26	22	2
26	16	2
26	3	2
26	2	3
26	7	5
26	8	4
14	11	2
14	10	4
14	26	1
14	22	2
14	16	1
14	19	4
14	3	8
14	2	4
14	6	4
14	8	1
22	8	2
22	3	3
22	2	4
22	16	2
16	11	5
16	26	1
16	14	1
16	22	1
16	3	3
16	6	1
16	8	1
19	11	3
19	10	4
19	14	3
19	2	3
19	7	3
19	8	1
3	11	2
3	10	1
3	26	1
3	14	7
3	22	1
3	16	6
3	19	1
3	2	2
3	7	1
3	8	3
2	11	3
2	10	8
2	26	4
2	14	8
2	22	2
2	16	1
2	19	4
2	3	1
2	6	3
2	8	4
7	11	5
7	10	4
7	26	1
7	14	1
7	2	5
7	8	3
6	11	1
6	10	1
6	26	2
6	2	1
6	14	3
8	11	6
8	10	5
8	26	7
8	14	3
8	19	4
8	3	2
8	2	3
8	7	1
