11	28	1
10	39	2
10	30	5
10	28	6
10	5	4
10	70	3
10	9	2
10	8	3
26	10	2
26	39	3
26	14	1
26	22	1
26	33	2
26	44	6
26	30	13
26	28	5
26	5	5
26	70	1
26	9	4
26	8	2
14	70	1
22	11	1
22	39	1
22	28	5
22	44	2
22	70	1
33	26	2
33	30	2
33	28	5
33	44	1
44	10	1
44	26	10
44	22	1
44	33	2
44	30	2
44	28	11
44	5	1
44	70	1
44	9	1
30	10	5
30	26	11
30	33	1
30	44	2
30	28	1
30	39	1
30	5	5
30	70	7
30	9	5
30	8	10
28	10	4
28	39	11
28	14	1
28	22	4
28	44	8
28	5	14
28	9	8
39	10	3
39	26	5
39	22	1
39	44	1
39	28	6
39	5	4
39	70	5
39	9	2
39	8	2
5	10	3
5	26	3
5	22	3
5	44	3
5	30	8
5	28	21
5	39	4
5	70	5
5	9	1
5	8	4
70	10	5
70	26	2
70	22	1
70	44	2
70	30	11
70	28	1
70	39	3
70	5	4
70	9	4
70	8	1
9	10	6
9	39	5
9	22	4
9	30	4
9	28	2
9	5	3
9	70	2
9	8	1
8	10	2
8	26	1
8	30	2
8	28	1
8	5	2
8	70	1
8	9	2
