11	10	7
11	13	2
11	38	1
11	22	2
11	17	2
11	23	1
11	26	2
11	52	10
11	3	13
11	4	7
11	9	2
10	11	7
10	13	7
10	17	3
10	22	2
10	23	6
10	26	1
10	52	4
10	77	1
10	3	5
10	4	1
10	9	10
13	11	6
13	10	13
13	38	1
13	22	4
13	17	3
13	23	6
13	52	3
13	3	7
13	9	2
38	11	1
38	26	3
38	22	3
38	13	2
38	29	1
38	77	1
38	3	1
38	4	1
22	11	1
22	26	7
22	38	2
22	17	1
22	13	12
22	52	2
22	3	5
17	11	4
17	10	3
17	26	2
17	13	1
17	52	3
17	77	7
17	3	3
17	9	1
23	10	5
23	3	4
23	13	9
23	4	1
23	52	2
26	11	2
26	10	1
26	38	2
26	22	6
26	29	2
26	52	2
26	77	5
26	3	2
26	4	6
26	9	2
52	11	7
52	10	12
52	13	5
52	38	1
52	22	3
52	17	2
52	23	4
52	26	1
52	29	6
52	77	8
52	3	13
52	4	13
52	9	3
77	11	2
77	13	1
77	17	2
77	22	1
77	26	4
77	52	11
77	3	3
77	9	6
3	11	6
3	10	7
3	13	17
3	17	4
3	22	1
3	23	5
3	26	6
3	52	14
3	77	10
3	4	8
3	9	3
4	11	14
4	10	1
4	13	2
4	38	3
4	22	2
4	26	2
4	52	9
4	3	7
4	9	2
4	29	4
9	11	2
9	10	4
9	13	1
9	17	2
9	23	2
9	52	5
9	77	6
9	3	1
9	4	3
29	10	2
29	3	1
29	13	1
29	4	1
29	52	8
