24	18	1
24	2	1
10	24	1
10	39	8
10	20	6
10	22	1
10	19	2
10	18	4
10	31	3
10	45	1
10	3	1
10	2	1
10	32	2
39	10	2
39	20	9
39	22	4
39	19	2
39	18	3
39	31	1
39	45	2
39	1	1
39	2	1
39	32	2
20	10	4
20	39	7
20	22	1
20	32	1
20	45	1
20	3	1
20	2	1
20	18	1
22	10	1
22	39	4
22	20	2
22	19	2
22	32	5
22	31	4
22	45	2
22	1	2
22	3	1
22	2	2
19	10	4
19	39	1
19	32	1
19	45	4
19	1	1
19	3	2
19	2	9
19	18	3
18	24	1
18	10	1
18	19	3
18	31	2
18	45	3
18	3	3
18	2	5
31	24	1
31	10	3
31	39	2
31	20	1
31	32	4
31	3	4
31	2	4
31	18	1
45	19	2
45	10	6
45	2	2
45	20	3
45	18	3
1	3	3
1	45	1
1	39	1
1	22	2
3	10	3
3	39	1
3	20	1
3	22	6
3	32	3
3	31	1
3	1	7
3	2	14
2	10	3
2	20	1
2	19	4
2	18	14
2	31	3
2	45	2
2	1	1
2	3	14
2	32	2
32	10	3
32	39	3
32	20	3
32	22	1
32	19	1
32	18	2
32	31	3
32	1	1
32	3	3
32	2	2
