11	24	3
11	10	2
11	15	2
11	14	2
11	17	1
11	22	1
11	4	1
11	8	3
10	11	4
10	24	3
10	15	3
10	14	6
10	17	3
10	22	2
10	29	1
10	4	1
10	6	1
10	8	5
15	11	2
15	10	1
15	14	8
15	17	3
15	24	2
15	22	1
15	1	2
15	4	7
15	6	12
15	8	5
14	11	6
14	10	1
14	15	10
14	22	3
14	17	7
14	24	1
14	29	4
14	4	2
14	6	2
14	8	2
14	21	1
17	11	2
17	10	6
17	15	1
17	14	3
17	22	2
17	24	5
17	29	2
17	20	1
17	1	1
17	4	2
17	6	4
17	8	3
17	21	1
24	11	10
24	10	3
24	15	2
24	14	3
24	17	5
24	22	1
24	1	2
24	4	8
24	6	1
24	8	1
24	21	2
22	11	2
22	24	2
22	15	1
22	14	5
22	17	2
22	4	1
22	8	2
29	11	1
29	10	3
29	21	1
29	17	2
29	6	2
29	14	1
20	14	1
20	21	1
1	24	1
1	8	3
1	4	3
1	22	2
1	6	9
4	11	3
4	10	2
4	14	3
4	17	9
4	24	8
4	1	6
4	6	21
4	8	6
6	10	7
6	15	15
6	14	6
6	17	5
6	22	1
6	29	2
6	1	5
6	4	19
6	8	16
8	11	5
8	10	3
8	15	9
8	14	8
8	17	1
8	24	4
8	22	6
8	29	1
8	1	3
8	4	6
8	6	14
8	20	1
21	24	2
21	14	2
21	29	1
