11	24	4
11	27	1
11	15	12
11	21	2
11	16	2
11	44	1
11	35	1
11	3	1
11	4	3
11	7	1
11	14	3
25	11	1
25	24	2
25	44	5
25	16	9
27	11	1
27	24	3
27	15	3
27	14	4
27	16	2
27	44	1
27	35	3
27	3	6
27	4	2
15	11	14
15	25	1
15	27	10
15	21	2
15	16	7
15	44	6
15	35	7
15	3	8
15	4	11
15	7	3
15	24	8
15	14	6
21	24	1
21	27	2
21	15	3
21	16	1
21	44	1
21	3	3
21	4	4
21	7	3
16	11	1
16	25	4
16	27	3
16	15	13
16	21	4
16	44	16
16	35	1
16	3	9
16	4	7
16	7	1
16	24	2
16	14	7
44	11	4
44	25	1
44	27	2
44	15	11
44	14	2
44	16	16
44	35	7
44	3	2
44	4	2
44	24	17
35	11	3
35	24	6
35	15	3
35	14	4
35	16	1
35	44	4
35	4	1
3	11	2
3	25	2
3	27	3
3	15	3
3	21	6
3	16	7
3	44	2
3	4	10
3	24	1
3	14	12
4	11	4
4	25	1
4	27	3
4	15	8
4	21	1
4	16	8
4	44	4
4	35	5
4	3	12
4	7	3
4	24	2
4	14	11
7	11	1
7	27	1
7	15	2
7	14	1
7	16	1
7	3	1
24	11	3
24	25	2
24	27	8
24	15	12
24	21	1
24	16	1
24	44	8
24	35	5
24	3	4
24	4	2
24	7	1
24	14	1
14	11	5
14	24	5
14	27	3
14	15	6
14	16	6
14	44	1
14	3	11
14	4	6
