10	25	1
10	12	1
10	17	2
10	18	2
10	31	5
10	28	6
10	1	2
10	7	1
10	9	4
10	8	7
10	44	1
12	10	1
12	17	13
12	25	7
12	18	3
12	31	7
12	28	6
12	36	3
12	1	3
12	7	1
12	9	1
12	8	1
12	44	1
17	10	1
17	12	9
17	25	1
17	18	2
17	31	13
17	28	7
17	36	4
17	1	4
17	7	4
17	9	1
17	8	3
25	10	1
25	12	6
25	31	1
25	28	6
25	1	3
25	7	2
25	9	4
25	8	6
18	10	1
18	12	3
18	28	2
18	4	1
18	9	2
18	8	6
31	10	6
31	12	6
31	17	8
31	25	3
31	18	1
31	28	5
31	36	5
31	1	1
31	7	5
31	9	4
31	8	2
28	10	6
28	12	6
28	17	2
28	25	9
28	18	4
28	31	3
28	36	4
28	7	1
28	9	1
28	8	8
36	10	1
36	12	2
36	17	5
36	31	3
36	28	3
36	1	2
36	7	4
36	9	1
36	44	3
1	25	1
1	12	2
1	17	5
1	18	1
1	31	1
1	9	2
4	18	1
7	10	1
7	17	1
7	31	2
7	28	3
7	36	2
7	8	3
9	8	2
9	31	2
9	28	2
9	7	1
9	10	8
8	10	4
8	12	2
8	17	5
8	25	4
8	18	9
8	31	5
8	28	3
8	1	1
8	7	4
8	9	5
44	10	3
44	31	2
