11	19	4
11	10	2
11	38	1
11	23	2
10	11	2
10	38	3
10	23	2
10	18	4
10	44	1
10	7	1
10	8	2
26	10	1
26	38	4
26	19	1
26	44	3
26	7	2
26	8	1
38	10	1
38	26	2
38	44	2
38	7	3
38	23	2
23	11	1
23	10	5
23	26	2
23	38	4
23	18	2
23	44	3
23	1	2
23	5	6
23	7	1
19	8	2
19	44	3
19	23	2
19	10	1
18	10	5
18	38	1
18	23	2
18	44	1
18	1	1
18	5	2
18	4	1
18	7	1
44	11	1
44	10	2
44	26	3
44	38	5
44	23	3
44	19	1
44	18	1
44	13	1
44	5	1
44	4	1
44	8	3
13	19	1
13	10	1
13	5	1
13	23	1
1	11	2
1	13	1
1	23	1
1	18	2
1	44	1
1	7	1
1	8	1
5	11	1
5	10	4
5	13	1
5	23	5
5	18	2
5	44	1
5	1	1
5	7	1
5	8	1
4	1	2
4	10	1
4	44	2
4	7	1
4	11	1
7	8	2
7	38	3
7	23	1
7	44	2
7	10	1
8	11	3
8	26	1
8	38	2
8	23	3
8	19	3
8	18	1
8	44	5
8	13	1
