11	10	9
11	14	4
11	17	1
11	6	11
11	9	3
11	8	5
10	11	5
10	14	4
10	17	2
10	19	10
10	32	1
10	2	3
10	7	1
10	6	11
10	9	1
10	8	9
27	8	2
27	10	1
14	11	4
14	10	5
14	17	11
14	32	5
14	2	2
14	6	5
14	9	1
14	8	10
17	11	2
17	10	4
17	14	9
17	19	1
17	32	10
17	2	2
17	7	2
17	6	6
17	9	8
17	8	5
16	11	1
16	10	5
16	14	1
16	17	4
16	19	7
16	32	5
16	2	1
16	6	1
16	8	2
19	11	6
19	10	7
19	16	1
19	32	1
19	2	3
19	6	10
19	9	1
19	8	3
32	11	2
32	10	5
32	14	6
32	17	8
32	16	7
32	2	9
32	6	6
32	8	6
2	11	1
2	10	1
2	27	1
2	14	1
2	17	1
2	19	5
2	32	9
2	6	10
2	8	14
7	10	2
7	27	1
7	2	1
6	11	10
6	10	8
6	14	11
6	17	5
6	16	4
6	19	6
6	32	8
6	22	1
6	2	9
6	8	32
9	11	1
9	10	3
9	14	2
9	17	2
9	32	1
9	2	1
9	6	2
9	8	3
8	11	7
8	10	12
8	27	2
8	14	14
8	17	7
8	19	2
8	32	5
8	2	10
8	7	1
8	6	32
