10	25	2
10	66	6
10	23	1
10	18	3
10	42	2
10	88	4
10	35	1
10	3	3
10	2	4
10	4	7
10	7	8
10	6	3
66	10	7
66	18	3
66	88	1
66	3	6
66	2	3
66	4	1
66	7	3
23	10	1
23	25	3
23	18	2
23	88	2
23	3	1
23	2	1
18	10	3
18	25	1
18	42	3
18	88	4
18	3	2
18	2	2
18	4	1
18	66	1
42	10	3
42	25	5
42	18	6
42	88	4
42	35	1
42	3	3
42	4	1
42	66	3
88	10	2
88	7	4
88	23	1
88	18	3
88	2	1
88	66	2
35	7	1
35	23	1
35	18	1
35	42	1
35	3	1
35	4	3
35	66	1
3	10	5
3	66	1
3	23	2
3	42	3
3	35	1
3	4	2
3	7	3
3	6	5
3	25	3
2	10	2
2	66	1
2	23	1
2	42	1
2	88	3
2	3	2
2	4	1
2	7	7
2	6	2
4	10	4
4	66	1
4	23	1
4	18	2
4	42	6
4	35	1
4	88	1
4	2	6
4	25	1
4	7	3
4	6	2
7	10	3
7	18	2
7	42	1
7	88	1
7	3	1
7	2	8
7	4	2
7	66	5
7	6	1
6	10	4
6	66	5
6	18	2
6	42	4
6	35	1
6	3	3
6	2	2
6	4	3
6	7	2
25	10	2
25	23	2
25	18	1
25	42	4
25	88	1
25	3	1
25	4	1
25	8	1
