11	30	1
10	15	2
10	22	5
10	17	4
10	23	6
10	2	4
10	4	2
10	7	5
10	9	2
10	8	1
15	10	3
15	22	3
15	17	2
15	23	6
15	1	1
15	2	4
15	5	8
15	4	1
15	7	3
22	10	2
22	17	3
22	23	7
22	30	1
22	2	1
22	7	5
17	10	3
17	15	7
17	22	2
17	23	16
17	1	2
17	2	1
17	5	8
17	4	10
17	7	6
17	9	1
23	10	4
23	15	6
23	22	11
23	17	9
23	30	1
23	1	1
23	5	2
23	4	6
23	7	1
23	9	1
30	8	1
1	10	2
1	22	1
1	17	5
1	5	10
1	4	4
1	7	1
2	10	2
2	15	2
2	22	2
2	1	1
2	5	10
2	4	2
2	7	4
2	9	2
5	10	1
5	15	5
5	22	1
5	17	10
5	23	1
5	1	6
5	2	6
5	4	9
5	7	11
5	9	1
5	8	4
4	10	6
4	15	3
4	22	3
4	17	5
4	23	8
4	1	3
4	2	9
4	5	8
4	7	8
4	9	1
4	8	1
7	10	7
7	15	3
7	22	3
7	17	3
7	23	8
7	1	1
7	2	4
7	5	8
7	4	12
7	9	1
7	8	3
9	10	4
9	15	1
9	4	1
9	22	2
9	23	1
8	22	1
8	17	3
8	23	1
8	2	1
8	4	1
8	7	2
