11	77	1
11	89	1
11	17	1
10	44	1
10	77	2
10	88	3
10	89	6
10	5	1
10	6	1
10	8	2
77	11	2
77	10	5
77	22	2
77	44	3
77	88	5
77	89	5
77	5	3
77	6	7
77	8	1
22	10	2
22	33	3
22	44	1
22	77	2
22	88	2
22	89	3
22	5	1
22	6	1
22	8	2
33	10	2
33	17	1
33	22	8
33	44	5
33	1	4
33	88	3
33	89	4
33	5	4
33	6	1
33	8	3
44	77	3
44	22	1
44	33	10
44	1	5
44	88	12
44	89	2
44	5	9
44	6	1
44	8	9
1	33	2
1	44	4
1	77	2
1	88	1
1	89	3
1	5	6
1	6	1
1	8	2
88	11	1
88	10	3
88	33	7
88	44	6
88	77	12
88	89	6
88	5	10
88	6	5
88	8	18
89	22	2
89	33	1
89	77	1
89	88	4
89	5	2
89	6	5
89	8	8
5	10	3
5	77	12
5	22	3
5	33	2
5	44	10
5	1	3
5	88	15
5	89	2
5	6	8
5	9	1
5	8	1
6	10	9
6	22	1
6	33	1
6	44	3
6	77	2
6	88	5
6	89	2
6	5	9
8	10	1
8	17	1
8	22	7
8	33	8
8	44	6
8	77	2
8	88	12
8	89	3
8	5	3
8	6	3
