24	11	1
24	17	1
24	23	2
24	2	2
24	7	1
24	8	1
10	11	7
10	15	11
10	17	3
10	18	7
10	2	4
10	7	3
10	6	1
10	8	6
12	11	1
15	11	8
15	10	8
15	23	3
15	18	5
15	2	8
15	5	3
15	4	1
15	6	3
15	8	6
17	11	1
17	8	1
17	10	2
23	24	2
23	10	3
23	15	1
23	18	7
23	5	4
23	6	5
23	11	6
18	24	1
18	10	7
18	15	8
18	17	1
18	23	3
18	2	5
18	5	8
18	7	1
18	6	3
18	11	1
18	8	1
2	11	1
2	10	5
2	15	6
2	18	2
2	5	3
2	8	17
5	24	1
5	10	1
5	15	3
5	23	5
5	18	7
5	2	5
5	7	2
5	8	6
4	24	1
4	15	1
4	17	1
7	11	3
7	8	3
7	15	3
7	18	1
7	10	1
6	11	6
6	10	3
6	15	1
6	17	1
6	23	4
6	18	2
6	4	1
6	7	1
11	10	5
11	15	7
11	17	1
11	23	2
11	7	4
11	6	7
11	8	1
8	11	4
8	10	9
8	15	5
8	17	1
8	18	4
8	2	13
8	5	3
8	7	1
8	6	2
