25	20	3
25	22	12
25	15	2
25	3	3
25	2	3
25	4	2
25	6	7
25	9	2
25	8	7
12	22	1
12	3	2
12	2	1
12	5	7
12	4	2
12	6	1
12	9	3
20	25	2
20	22	2
20	2	1
20	5	1
20	4	1
20	6	6
20	9	4
20	8	1
21	9	1
21	15	1
22	12	1
22	20	1
22	3	3
22	2	2
22	5	6
22	4	2
22	6	2
22	9	3
22	8	9
10	3	1
15	9	1
3	25	9
3	12	2
3	20	1
3	21	1
3	22	2
3	5	3
3	4	1
3	6	1
3	9	3
3	8	11
2	9	2
2	25	2
2	20	2
2	4	4
2	6	4
5	25	2
5	12	2
5	22	4
5	3	2
5	4	3
5	6	2
5	9	4
5	8	3
4	25	3
4	12	3
4	20	5
4	21	1
4	22	2
4	3	4
4	2	5
4	5	1
4	6	1
4	9	2
4	8	1
6	25	4
6	12	1
6	20	6
6	22	1
6	3	1
6	2	9
6	5	2
6	4	1
6	9	2
6	8	4
9	25	6
9	20	4
9	22	1
9	3	2
9	2	2
9	5	1
9	6	1
9	8	4
8	25	10
8	20	1
8	22	1
8	3	7
8	5	2
8	6	2
8	9	6
