10	13	8
10	15	11
10	14	9
10	23	6
10	77	2
10	4	12
10	9	1
10	8	3
10	21	8
13	10	10
13	21	8
13	23	19
13	77	2
13	4	10
13	7	1
13	9	1
13	8	5
13	14	7
15	10	8
15	26	1
15	21	3
15	23	7
15	77	4
15	4	8
15	9	2
15	8	1
15	14	18
14	10	12
14	13	5
14	15	18
14	21	14
14	23	8
14	28	2
14	26	1
14	77	5
14	4	7
14	7	1
14	9	2
14	8	7
23	10	7
23	13	24
23	77	1
23	14	11
23	1	2
23	4	17
23	9	1
23	8	1
23	21	3
28	14	1
1	13	5
1	15	5
1	21	2
1	23	1
1	77	2
1	4	1
1	8	1
1	14	1
77	10	1
77	15	7
77	14	3
77	4	3
77	9	2
77	8	1
77	21	2
4	10	13
4	13	1
4	15	16
4	14	10
4	23	13
4	1	4
4	77	3
4	9	7
4	8	2
7	9	1
9	10	1
9	15	5
9	21	2
9	77	3
9	4	1
9	8	2
9	14	2
8	10	3
8	13	2
8	15	1
8	14	5
8	77	3
8	9	1
8	21	10
21	10	6
21	13	8
21	15	1
21	14	12
21	28	1
21	77	1
21	4	1
21	9	3
21	8	11
