11	13	2
11	15	1
11	17	1
11	19	2
11	28	2
11	34	2
11	7	2
11	8	2
13	11	2
13	27	2
13	17	2
13	19	3
13	28	1
13	34	4
13	3	1
13	7	4
13	8	4
27	11	2
27	13	4
27	34	1
27	3	3
27	7	4
27	8	2
15	17	7
15	19	1
15	34	3
15	1	6
15	3	2
15	8	3
17	11	2
17	13	3
17	15	7
17	19	5
17	34	13
17	7	1
16	8	1
16	28	1
16	34	1
19	11	7
19	13	5
19	27	2
19	15	1
19	16	3
19	34	6
19	8	4
28	11	1
28	8	2
28	15	1
28	17	1
28	16	1
34	11	3
34	13	2
34	27	3
34	15	6
34	17	12
34	16	1
34	19	7
34	28	3
34	1	2
34	3	8
34	7	5
34	8	3
1	13	1
1	15	5
1	17	1
1	19	2
1	34	5
1	3	8
3	13	2
3	27	4
3	15	4
3	19	4
3	34	5
3	1	7
3	7	2
3	8	1
7	11	1
7	13	4
7	27	3
7	17	1
7	19	1
7	34	1
7	3	1
7	8	4
6	34	1
8	11	2
8	13	6
8	27	1
8	17	2
8	16	1
8	19	2
8	34	9
8	3	1
8	7	2
