24	10	2
24	21	3
24	17	2
24	19	3
24	22	2
24	28	2
24	41	1
24	2	1
24	7	1
10	24	1
10	21	2
10	17	4
10	19	7
10	22	1
10	28	10
10	2	4
10	7	9
10	6	2
13	19	1
21	24	5
21	10	3
21	14	1
21	17	2
21	19	4
21	28	1
21	41	2
21	2	2
21	7	3
21	6	5
17	24	2
17	10	6
17	21	2
17	22	2
17	19	1
17	28	5
17	2	2
17	7	6
19	24	7
19	10	4
19	21	3
19	22	3
19	28	2
19	41	1
19	17	3
19	7	5
19	14	1
22	19	3
22	10	5
22	17	5
22	7	3
28	24	1
28	10	4
28	21	6
28	17	3
28	19	7
28	22	4
28	2	7
28	7	9
28	6	2
41	24	1
41	10	1
41	22	7
41	21	2
41	7	3
2	10	2
2	13	1
2	21	1
2	17	7
2	22	1
2	28	3
2	41	4
2	7	3
2	6	3
2	14	1
7	10	6
7	21	1
7	22	4
7	19	2
7	28	8
7	2	2
7	17	4
6	24	2
6	10	3
6	21	2
6	19	2
6	28	1
6	41	2
6	2	4
6	7	1
14	21	1
14	17	2
