11	27	6
11	21	2
11	17	1
11	19	5
11	18	6
11	29	2
11	6	5
11	9	2
11	32	5
25	21	2
25	19	1
25	32	3
25	29	4
25	6	3
25	9	2
25	8	1
13	27	6
13	21	5
13	19	4
13	32	6
13	29	1
13	1	1
13	6	2
13	9	1
13	8	5
27	11	5
27	25	1
27	13	7
27	17	21
27	19	19
27	18	15
27	29	2
27	1	7
27	6	18
27	9	5
27	8	1
27	32	5
21	11	4
21	25	4
21	13	2
21	27	7
21	17	6
21	19	2
21	32	8
21	29	7
21	1	7
21	6	9
21	9	2
21	8	5
17	11	4
17	27	11
17	21	9
17	19	6
17	18	2
17	29	6
17	1	3
17	6	6
17	9	1
17	8	3
17	32	14
19	11	4
19	13	2
19	27	12
19	21	2
19	17	6
19	18	3
19	29	6
19	6	12
19	9	5
19	8	1
19	32	9
18	11	9
18	27	8
18	17	1
18	19	5
18	32	1
18	1	1
18	6	6
29	25	5
29	27	5
29	21	9
29	17	2
29	19	4
29	32	3
29	6	5
29	9	1
1	13	4
1	27	11
1	21	4
1	17	5
1	19	1
1	18	1
1	6	6
1	9	1
1	8	1
1	32	2
6	11	10
6	25	4
6	13	1
6	27	16
6	21	9
6	17	5
6	19	9
6	18	3
6	29	6
6	1	1
6	32	16
6	9	10
6	8	4
9	11	2
9	25	1
9	21	2
9	17	2
9	19	5
9	32	2
9	29	3
9	6	3
9	8	1
8	25	2
8	13	9
8	27	5
8	21	6
8	17	4
8	19	1
8	32	2
8	6	5
8	9	1
32	11	3
32	25	3
32	13	1
32	27	19
32	21	10
32	17	10
32	19	8
32	18	2
32	29	3
32	1	4
32	6	15
32	9	6
32	8	7
