11	10	5
11	4	3
11	25	1
11	16	2
10	11	4
10	25	2
10	17	3
10	16	10
10	29	1
10	34	4
10	1	1
10	2	7
10	6	5
22	10	1
17	10	6
17	22	1
17	16	13
17	29	2
17	34	7
17	1	3
17	2	5
17	5	7
17	4	4
17	6	10
17	25	3
16	11	5
16	10	9
16	22	1
16	17	4
16	25	1
16	34	8
16	2	9
16	4	2
16	6	3
24	5	1
24	29	1
24	17	1
24	6	5
29	24	1
29	25	1
29	17	1
29	16	1
29	34	1
29	5	2
29	6	1
34	10	5
34	17	16
34	16	5
34	29	1
34	1	7
34	2	13
34	5	4
34	4	4
34	6	13
34	25	1
1	10	1
1	17	3
1	16	1
1	34	12
1	2	5
1	5	1
1	6	11
2	10	11
2	22	1
2	17	2
2	16	3
2	34	9
2	5	1
2	4	1
2	6	3
2	25	1
5	11	1
5	10	1
5	17	3
5	16	1
5	29	3
5	34	2
5	1	1
5	4	6
5	6	11
5	25	7
4	11	3
4	25	6
4	17	3
4	16	1
4	34	2
4	2	1
4	5	4
4	6	4
6	11	2
6	25	8
6	17	11
6	16	3
6	34	13
6	1	10
6	5	13
6	4	2
6	24	4
25	11	2
25	10	5
25	17	2
25	16	2
25	34	2
25	2	1
25	5	7
25	4	3
25	6	2
