11	13	1
11	17	2
11	33	6
11	44	2
11	30	1
11	28	7
11	8	8
10	13	5
10	21	1
10	33	1
10	44	1
10	29	1
10	74	1
10	5	1
10	8	1
13	10	3
13	21	1
13	17	6
13	44	8
13	30	5
13	28	6
13	29	1
13	74	1
13	8	3
21	8	2
21	28	3
21	29	6
21	17	1
17	11	3
17	13	6
17	21	2
17	33	5
17	44	5
17	30	1
17	28	4
17	29	3
17	5	6
17	9	1
17	8	7
33	11	7
33	10	2
33	13	2
33	21	3
33	17	1
33	44	4
33	28	2
33	29	2
33	74	1
33	5	14
33	8	13
44	11	1
44	13	12
44	21	2
44	17	2
44	33	6
44	30	10
44	28	3
44	5	9
44	8	6
30	10	1
30	13	3
30	21	2
30	33	5
30	44	3
30	28	1
30	5	10
30	8	3
28	11	6
28	13	5
28	21	1
28	17	4
28	33	2
28	44	7
28	29	6
28	8	7
29	11	3
29	13	5
29	21	1
29	17	4
29	33	2
29	44	2
29	28	3
29	5	2
29	9	1
29	8	6
74	9	1
74	8	1
74	21	1
74	10	1
74	29	2
5	11	6
5	13	5
5	21	2
5	17	4
5	33	15
5	44	6
5	30	9
5	29	3
5	8	8
9	74	2
9	17	1
8	11	4
8	10	2
8	13	6
8	21	1
8	17	5
8	33	13
8	44	8
8	28	6
8	29	10
8	5	9
