11	10	9
11	20	2
11	14	1
11	16	2
11	19	2
11	29	2
11	5	1
11	4	14
11	6	4
10	11	8
10	20	13
10	14	3
10	16	7
10	19	11
10	29	3
10	1	1
10	3	7
10	5	3
10	4	5
10	7	1
10	6	4
20	11	4
20	10	10
20	16	5
20	19	4
20	29	4
20	1	1
20	3	13
20	5	2
20	6	1
14	1	2
14	10	2
14	3	4
14	5	1
14	11	2
16	11	4
16	10	4
16	20	5
16	19	3
16	29	6
16	4	2
19	11	6
19	10	12
19	20	2
19	16	4
19	29	2
19	3	2
19	5	3
19	4	1
19	6	10
23	29	1
29	11	4
29	10	5
29	20	5
29	16	5
29	19	4
29	3	9
29	5	7
29	4	7
29	7	2
29	6	8
1	20	1
1	14	2
1	29	6
1	3	13
1	5	4
1	4	2
1	7	1
3	11	4
3	10	9
3	20	8
3	14	3
3	16	1
3	19	5
3	29	10
3	1	13
3	5	13
3	4	4
3	6	3
5	11	1
5	10	5
5	20	1
5	14	1
5	16	1
5	19	2
5	29	10
5	1	5
5	3	14
5	4	12
5	6	1
4	11	16
4	10	4
4	20	1
4	16	3
4	19	7
4	29	3
4	1	3
4	3	3
4	5	6
4	6	9
7	10	2
7	3	1
7	4	1
7	14	1
6	11	3
6	10	7
6	20	2
6	16	6
6	19	7
6	29	4
6	3	2
6	5	2
6	4	4
