25	1	1
25	19	1
13	17	1
13	23	4
13	28	4
13	1	2
13	6	1
13	9	2
13	8	5
20	9	2
20	3	5
20	28	4
20	6	1
21	1	2
21	8	2
21	3	3
21	9	1
21	20	1
17	13	2
17	21	2
17	23	1
17	1	1
17	3	1
17	6	3
17	9	1
17	8	2
23	9	1
23	8	5
23	13	2
23	28	1
23	6	2
19	9	2
28	13	2
28	20	2
28	21	1
28	17	1
28	23	1
28	3	5
28	6	3
28	9	1
1	25	1
1	13	6
1	23	2
1	19	1
1	28	1
1	3	2
1	9	3
1	8	1
3	20	11
3	21	1
3	19	1
3	28	1
3	1	1
3	6	5
3	9	3
6	25	1
6	13	3
6	21	4
6	17	3
6	23	1
6	1	1
6	3	9
6	9	1
6	8	2
9	19	1
9	28	2
9	23	2
9	20	1
9	6	1
8	25	1
8	13	5
8	20	1
8	21	1
8	17	1
8	23	2
8	28	3
8	1	1
8	3	6
8	6	3
8	9	1
