11	10	2
11	16	1
11	19	2
11	30	1
11	77	1
11	2	3
11	8	5
10	11	1
10	26	1
10	20	2
10	19	1
10	77	1
10	2	3
10	87	1
26	20	1
26	16	1
26	34	1
26	77	3
26	8	1
26	87	2
20	11	2
20	8	4
20	26	1
20	2	2
20	87	1
16	10	1
16	26	3
16	19	1
16	30	3
16	13	2
16	34	3
16	2	1
16	8	1
16	87	5
19	11	7
19	10	1
19	26	1
19	16	1
19	34	1
19	8	2
19	87	3
30	11	1
30	13	1
30	2	1
30	16	1
13	77	1
13	30	1
13	16	2
13	87	1
13	34	2
34	11	8
34	10	2
34	13	1
34	19	1
34	2	3
34	87	1
77	10	1
77	26	1
77	20	1
77	16	2
77	13	1
77	34	1
77	2	2
77	8	6
2	11	1
2	10	2
2	20	2
2	16	1
2	30	1
2	77	3
8	11	3
8	10	4
8	26	2
8	20	4
8	16	1
8	19	5
8	13	1
8	77	1
8	2	5
8	87	2
87	11	2
87	26	1
87	20	1
87	16	5
87	19	3
87	30	1
87	34	2
87	9	1
87	8	3
