11	19	1
11	8	2
11	13	1
11	9	2
11	23	1
10	13	1
10	12	4
10	15	3
10	21	2
10	19	5
10	26	2
10	8	4
13	10	4
13	26	4
13	12	17
13	15	1
13	14	4
13	23	6
13	19	22
13	1	2
13	5	2
13	8	3
13	21	6
12	10	3
12	13	18
12	15	2
12	21	4
12	23	2
12	19	13
12	26	3
12	5	7
12	9	1
12	8	4
15	10	5
15	26	1
15	12	1
15	21	6
15	23	3
15	19	4
15	8	6
14	10	1
14	13	3
14	21	3
14	19	1
14	26	4
14	1	1
14	8	1
23	11	3
23	10	3
23	26	2
23	12	5
23	15	10
23	14	1
23	19	4
23	1	1
23	5	9
23	8	7
23	21	6
19	11	3
19	10	7
19	13	20
19	12	11
19	15	3
19	14	1
19	23	1
19	26	12
19	5	1
19	9	1
19	8	6
19	21	2
26	10	1
26	13	3
26	12	4
26	15	1
26	14	1
26	23	2
26	19	4
26	5	1
26	8	2
26	21	3
1	13	1
1	26	1
1	23	12
5	13	16
5	12	4
5	15	1
5	14	4
5	23	10
5	19	3
5	26	1
5	1	3
5	8	3
5	21	3
9	19	1
9	26	1
9	12	1
9	21	1
8	10	4
8	13	3
8	12	6
8	15	5
8	14	1
8	23	6
8	19	8
8	26	3
8	5	1
8	21	6
21	11	1
21	10	2
21	13	8
21	12	9
21	15	4
21	14	3
21	23	8
21	19	1
21	26	1
21	5	7
21	8	8
