24	11	1
24	22	6
24	18	1
24	42	2
24	2	3
24	6	3
24	28	5
10	15	1
10	2	2
10	28	1
10	22	1
10	7	1
26	24	3
26	10	3
26	22	2
26	18	17
26	28	1
26	2	13
26	7	3
26	6	6
26	95	1
15	10	1
15	22	1
15	42	2
15	2	2
15	7	2
15	6	1
22	11	10
22	26	3
22	18	5
22	42	9
22	28	1
22	2	1
22	7	2
22	6	5
11	24	1
11	42	3
11	22	2
11	7	1
11	6	2
18	11	1
18	26	20
18	15	1
18	22	11
18	42	6
18	2	3
18	6	8
18	9	1
18	95	4
42	24	1
42	26	5
42	15	1
42	22	5
42	18	1
42	28	3
42	2	2
42	7	2
42	9	2
28	24	2
28	26	1
28	22	1
28	18	1
28	42	3
28	2	7
28	7	3
28	6	10
2	24	4
2	10	2
2	26	7
2	15	2
2	18	3
2	28	9
2	7	2
2	6	9
2	95	2
7	24	2
7	10	2
7	26	1
7	15	1
7	22	2
7	18	1
7	42	1
7	28	4
7	2	2
7	6	2
6	24	5
6	10	1
6	26	6
6	15	5
6	22	6
6	18	9
6	42	2
6	28	6
6	2	8
6	11	2
6	9	2
9	18	1
9	28	2
9	22	2
9	7	2
95	11	1
95	18	6
95	26	5
95	2	1
95	7	1
