11	24	4
11	15	5
11	14	2
11	17	16
11	16	9
11	19	20
11	34	7
11	3	11
11	5	3
11	6	1
24	11	4
24	15	17
24	14	2
24	16	3
24	19	6
24	34	2
24	3	1
24	5	5
13	24	2
13	17	2
13	16	2
13	19	1
13	5	8
13	6	3
15	11	13
15	24	9
15	13	1
15	14	2
15	17	3
15	16	1
15	19	5
15	28	2
15	34	1
15	5	2
15	4	1
15	6	3
14	11	4
14	24	1
14	15	1
14	17	3
17	11	10
17	24	3
17	15	4
17	14	4
17	16	1
17	19	5
17	34	4
17	3	4
17	5	3
17	4	2
17	6	1
16	11	5
16	24	3
16	15	1
16	14	1
16	17	3
16	19	8
16	28	1
16	3	5
16	5	4
16	4	2
19	11	22
19	24	10
19	15	8
19	14	3
19	17	11
19	16	8
19	34	13
19	3	11
19	5	7
19	4	4
19	6	2
28	15	2
28	16	1
34	11	6
34	24	2
34	15	4
34	17	3
34	19	10
34	3	5
34	5	2
34	4	2
34	6	5
3	11	13
3	13	1
3	15	2
3	14	1
3	17	12
3	16	4
3	19	14
3	34	4
3	5	3
3	4	2
3	6	1
5	11	2
5	24	5
5	13	1
5	15	3
5	17	2
5	16	4
5	19	20
5	34	3
5	3	5
5	4	3
5	6	11
4	11	4
4	24	5
4	13	1
4	15	2
4	16	2
4	19	2
4	3	1
4	5	2
6	11	4
6	13	1
6	17	3
6	19	8
6	34	2
6	3	5
6	5	7
