11	14	3
11	23	4
11	30	6
11	99	2
11	3	1
11	16	1
11	7	3
11	91	5
11	92	2
77	7	1
30	11	7
30	99	1
30	23	1
30	77	1
30	7	2
30	91	2
14	11	3
14	16	1
14	9	1
14	3	2
14	7	5
14	91	5
14	90	9
23	11	3
23	16	1
23	30	2
23	9	1
23	7	1
23	91	1
23	90	1
23	92	1
16	11	1
16	14	3
16	23	2
16	30	2
16	3	2
16	9	1
16	90	2
16	92	2
99	11	1
99	90	1
99	92	1
99	30	3
99	7	3
9	90	2
9	92	2
9	30	1
9	7	2
3	11	1
3	14	2
3	16	3
3	30	1
3	99	1
3	9	1
3	7	2
3	91	2
7	11	5
7	14	6
7	23	2
7	30	4
7	16	1
7	91	3
7	90	4
7	92	2
91	11	2
91	14	4
91	23	3
91	30	2
91	3	2
91	7	6
91	90	4
90	99	2
90	9	2
90	14	6
90	7	5
92	11	2
92	16	1
92	99	1
92	9	2
92	7	2
92	91	1
