11	10	9
11	12	3
11	15	5
11	21	3
11	16	3
11	19	6
11	33	7
11	3	11
11	9	3
10	11	7
10	24	1
10	15	6
10	21	3
10	16	6
10	19	6
10	33	7
10	3	8
10	6	3
10	9	4
12	11	2
12	10	2
12	33	2
12	3	1
12	7	1
12	9	1
15	11	4
15	10	2
15	24	2
15	21	2
15	16	29
15	19	21
15	33	1
15	3	3
15	7	1
15	6	3
15	9	2
21	11	4
21	10	2
21	15	3
21	16	4
21	19	1
21	33	1
21	6	1
21	9	4
16	11	4
16	10	2
16	12	1
16	15	16
16	21	6
16	19	3
16	33	4
16	24	1
16	7	2
16	6	9
16	9	2
19	11	6
19	10	2
19	15	26
19	21	1
19	16	3
19	33	6
19	1	1
19	3	29
19	7	1
19	6	6
1	19	4
1	10	1
1	3	4
1	15	2
1	24	2
33	11	7
33	10	21
33	12	2
33	21	1
33	19	1
33	3	16
33	6	1
33	9	5
3	11	9
3	10	7
3	12	2
3	15	2
3	21	3
3	19	28
3	1	3
3	33	21
3	6	3
3	9	1
24	10	3
24	15	1
24	16	1
7	16	3
6	11	3
6	10	1
6	15	6
6	21	5
6	16	5
6	19	2
6	3	2
6	9	2
9	11	1
9	10	3
9	21	3
9	16	3
9	33	6
9	3	1
9	6	1
