11	10	6
11	64	1
11	7	1
11	9	3
11	8	6
11	5	5
10	11	3
10	26	1
10	22	7
10	23	10
10	55	1
10	18	1
10	5	12
10	7	6
10	9	4
10	8	12
26	11	1
26	14	1
26	22	6
26	23	1
26	1	1
26	5	7
26	7	1
26	8	9
26	64	2
14	10	2
14	18	1
14	5	4
14	7	2
14	9	1
14	8	2
22	10	6
22	26	12
22	14	2
22	23	3
22	5	3
22	7	1
22	9	2
22	8	10
23	11	1
23	10	9
23	14	2
23	22	5
23	18	2
23	1	2
23	5	4
23	7	3
23	8	4
55	64	1
18	10	1
18	23	1
1	11	1
1	10	1
1	26	3
1	22	3
1	23	1
1	9	3
5	11	3
5	10	13
5	26	2
5	14	2
5	22	9
5	23	3
5	64	1
5	7	2
5	9	2
5	8	14
7	10	3
7	14	2
7	64	2
7	23	7
7	5	5
7	9	1
7	8	7
9	11	6
9	10	5
9	22	1
9	23	1
9	5	5
9	7	5
8	11	6
8	10	18
8	26	5
8	14	3
8	22	3
8	23	3
8	1	1
8	5	11
8	7	7
8	9	4
8	64	11
64	11	3
64	26	1
64	18	1
64	1	2
64	5	1
64	7	2
64	9	1
64	8	1
