24	10	1
24	12	5
24	21	1
24	22	1
24	16	1
24	28	11
24	1	6
24	2	2
24	5	5
24	4	4
24	7	1
10	19	6
10	28	1
10	21	1
10	22	4
10	16	2
12	24	4
12	22	3
12	28	5
12	1	2
12	2	5
12	5	4
12	4	3
12	7	3
22	24	1
22	10	4
22	12	5
22	17	2
22	16	1
22	19	4
22	28	6
22	1	1
22	2	2
22	4	9
22	7	2
17	24	3
17	10	1
17	12	2
17	22	1
17	19	1
17	2	1
17	4	5
17	7	2
16	19	2
16	10	1
16	21	1
16	22	2
19	10	1
19	12	1
19	22	10
19	17	2
19	28	1
19	2	2
19	4	12
19	7	2
19	21	1
28	24	6
28	10	1
28	12	7
28	22	9
28	17	1
28	16	1
28	19	3
28	1	2
28	4	3
28	7	1
1	24	4
1	12	1
1	22	1
1	17	1
1	19	5
1	2	1
1	5	3
1	4	3
1	7	1
1	21	1
2	24	3
2	12	1
2	22	1
2	17	4
2	19	1
2	28	2
2	1	5
2	5	7
2	4	8
2	7	3
2	21	1
5	24	10
5	12	3
5	21	1
5	19	1
5	1	6
5	2	7
5	4	6
5	7	1
4	24	2
4	10	2
4	12	2
4	22	8
4	17	5
4	16	1
4	19	10
4	28	3
4	1	1
4	2	4
4	5	6
4	7	7
4	21	3
7	24	2
7	12	2
7	22	3
7	17	1
7	19	4
7	28	3
7	2	3
7	5	3
7	4	3
21	24	2
21	10	1
21	22	4
21	1	1
21	2	2
21	5	3
21	4	1
