11	20	1
11	17	1
11	16	1
11	23	1
11	3	3
11	2	1
11	5	2
11	7	4
10	11	2
10	20	2
10	14	3
10	16	5
10	3	9
10	2	7
10	5	7
10	7	5
13	24	4
13	20	3
13	3	1
13	2	3
13	5	2
20	11	4
20	10	2
20	14	15
20	16	1
20	23	1
20	5	1
20	7	5
20	24	2
20	9	1
14	11	4
14	10	6
14	20	8
14	17	6
14	16	7
14	23	1
14	3	2
14	2	1
14	5	5
14	7	6
14	24	4
17	11	1
17	24	1
17	20	1
17	14	1
17	16	2
17	23	1
17	3	10
17	2	1
17	5	2
17	7	1
17	9	4
16	11	4
16	10	5
16	20	6
16	14	3
16	17	2
16	7	1
23	20	1
23	5	1
23	14	2
23	17	2
3	11	3
3	10	8
3	14	3
3	17	5
3	16	9
3	23	1
3	2	4
3	5	6
3	7	2
3	24	1
3	9	1
2	11	2
2	10	4
2	13	2
2	20	1
2	14	3
2	17	1
2	16	1
2	23	1
2	3	9
2	5	11
2	24	6
5	11	2
5	10	5
5	13	2
5	20	3
5	14	11
5	17	7
5	16	3
5	3	15
5	2	5
5	7	4
5	24	4
5	9	1
7	11	1
7	10	4
7	20	2
7	14	5
7	17	3
7	16	4
7	3	3
7	5	2
24	11	4
24	20	5
24	14	5
24	17	2
24	16	1
24	23	1
24	2	6
24	5	8
24	7	1
9	11	1
9	24	1
9	14	1
9	17	1
9	23	1
