11	10	4
11	21	5
11	17	3
11	25	4
11	30	10
11	42	2
11	1	2
11	7	19
11	6	1
10	11	2
10	25	1
10	26	1
10	15	3
10	21	6
10	17	2
10	42	2
10	3	3
10	7	6
26	11	6
26	10	1
26	15	6
26	21	2
26	17	3
26	25	7
26	30	11
26	42	4
26	1	4
26	3	17
26	7	1
26	6	4
15	10	3
15	17	3
15	25	2
15	1	1
15	3	7
15	7	1
15	6	4
21	11	5
21	25	3
21	26	2
21	17	7
21	42	3
21	3	7
21	7	11
21	6	3
17	11	1
17	10	7
17	26	5
17	15	1
17	21	9
17	25	5
17	30	3
17	42	4
17	3	10
17	7	2
17	6	3
25	11	6
25	10	4
25	26	1
25	15	3
25	21	5
25	17	5
25	30	7
25	42	7
25	3	7
25	7	3
25	6	1
30	11	15
30	10	1
30	26	18
30	17	3
30	25	1
30	42	3
30	1	4
30	3	7
30	7	2
30	6	1
42	11	6
42	10	1
42	26	2
42	21	5
42	17	2
42	25	4
42	30	6
42	1	4
42	3	3
42	7	1
1	10	1
1	26	3
1	17	1
1	30	2
1	42	2
1	3	5
1	6	2
3	11	1
3	10	1
3	26	15
3	15	10
3	21	3
3	17	22
3	25	7
3	30	2
3	42	6
3	1	5
3	7	1
3	6	1
7	11	10
7	10	2
7	21	6
7	17	5
7	25	6
7	42	2
7	3	3
7	6	1
6	11	2
6	10	1
6	26	3
6	21	2
6	17	5
6	25	5
6	30	4
6	1	2
6	3	5
