10	25	6
10	13	5
10	22	1
10	19	3
10	42	5
10	33	2
10	62	2
10	81	1
13	10	6
13	22	5
13	25	2
13	33	1
13	42	4
13	62	6
13	5	3
13	81	2
17	22	1
22	10	3
22	25	1
22	19	1
22	16	2
22	42	2
22	33	5
22	62	4
22	5	1
22	4	1
22	81	1
16	25	2
16	13	8
16	22	1
16	19	1
16	42	1
16	4	2
16	81	1
19	10	4
19	13	6
19	22	2
19	16	3
19	33	1
19	42	6
19	62	1
19	5	2
19	4	8
19	81	1
19	25	4
42	10	5
42	13	6
42	22	1
42	25	5
42	62	3
42	5	1
33	10	2
33	13	3
33	17	1
33	22	6
33	16	1
33	19	1
33	5	2
33	4	8
33	81	1
62	10	1
62	13	3
62	22	3
62	25	2
62	19	1
62	42	3
62	4	1
5	10	3
5	13	5
5	17	2
5	22	4
5	25	1
5	19	4
5	42	2
5	33	3
5	62	1
5	4	1
5	81	1
4	10	2
4	13	2
4	22	1
4	16	3
4	19	6
4	42	1
4	33	5
4	5	3
4	25	2
4	81	1
8	81	1
81	33	1
81	10	2
81	4	1
81	22	2
81	25	1
25	10	5
25	13	3
25	16	1
25	19	4
25	62	3
25	5	2
25	4	1
25	8	1
