11	24	1
11	20	1
11	14	3
11	17	1
11	18	1
11	5	6
11	4	5
11	6	2
11	9	6
11	8	3
24	11	9
24	14	6
24	19	1
24	18	2
24	1	1
24	3	4
24	5	4
24	4	3
24	6	2
24	9	2
24	8	5
20	11	3
20	18	4
20	14	1
14	11	3
14	24	12
14	1	9
14	3	37
14	5	9
14	4	11
14	6	4
14	9	3
14	8	8
17	9	1
17	11	1
17	18	1
17	6	1
19	3	1
19	5	5
19	4	1
19	6	8
19	9	2
19	8	2
18	11	4
18	24	2
18	20	2
18	14	2
18	17	4
18	3	2
18	5	1
18	6	1
18	9	1
1	24	2
1	14	11
1	19	2
1	18	2
1	3	12
1	5	7
1	4	1
1	6	5
1	9	1
3	11	2
3	24	5
3	20	1
3	14	25
3	17	2
3	19	1
3	18	1
3	1	12
3	5	18
3	4	5
3	6	17
3	9	3
3	8	4
5	11	4
5	24	2
5	20	1
5	14	22
5	19	3
5	18	1
5	1	1
5	3	9
5	4	7
5	6	10
5	8	11
4	11	7
4	24	5
4	14	4
4	19	7
4	18	1
4	1	1
4	3	6
4	5	8
4	6	8
4	9	3
4	8	4
6	11	5
6	24	2
6	20	1
6	17	1
6	19	10
6	1	1
6	3	13
6	5	2
6	4	10
6	8	4
9	11	11
9	24	1
9	19	1
9	18	1
9	4	2
9	8	2
8	11	5
8	24	7
8	14	4
8	19	2
8	3	2
8	5	7
8	4	6
8	6	5
8	9	2
